Sample Year Month Location Sex GSI
24 24 1 5 1 1 5.297
48 48 1 5 3 1 4.2968
58 58 1 6 1 1 3.5008
60 60 1 6 1 1 3.2487
61 61 1 6 1 1 3.2304
62 62 1 5 3 1 3.2263
63 63 1 6 1 1 3.1848
65 65 1 6 1 1 2.9683
66 66 1 5 1 1 2.9544
67 67 1 6 1 1 2.939
68 68 1 5 1 1 2.9327
69 69 1 6 1 1 2.8933
70 70 1 6 1 1 2.8593
71 71 1 5 1 1 2.8534
72 72 1 6 1 1 2.8188
73 73 1 6 1 1 2.8129
74 74 1 6 1 1 2.8037
75 75 1 6 1 1 2.7928
77 77 1 5 1 1 2.6601
78 78 1 6 1 1 2.6492
79 79 1 5 3 1 2.6353
80 80 1 5 1 1 2.6341
81 81 1 5 1 1 2.6241
82 82 1 5 3 1 2.6151
83 83 1 5 1 1 2.6064
84 84 1 5 1 1 2.5951
85 85 1 4 3 1 2.5781
86 86 1 5 1 1 2.5674
87 87 1 5 1 1 2.5616
88 88 1 6 1 1 2.5545
89 89 1 5 1 1 2.5526
90 90 1 6 1 1 2.499
91 91 1 6 1 1 2.4789
92 92 1 6 1 1 2.4606
94 94 1 6 1 1 2.4425
95 95 1 5 1 1 2.4356
96 96 1 5 1 1 2.4238
97 97 1 5 1 1 2.4145
98 98 1 6 3 1 2.4062
99 99 1 5 1 1 2.4038
100 100 1 6 3 1 2.402
101 101 1 6 3 1 2.4006
103 103 1 5 1 1 2.3976
104 104 1 5 3 1 2.3923
105 105 1 5 1 1 2.3882
106 106 1 6 3 1 2.3848
107 107 1 5 1 1 2.3847
108 108 1 5 3 1 2.3746
109 109 1 5 1 1 2.3731
110 110 1 5 1 1 2.3723
111 111 1 5 1 1 2.3714
112 112 1 6 1 1 2.3496
113 113 1 6 1 1 2.3495
114 114 1 5 1 1 2.3282
115 115 1 5 1 1 2.3251
116 116 1 5 1 1 2.322
117 117 1 6 1 1 2.3018
118 118 1 5 1 1 2.3011
119 119 1 5 3 1 2.3
120 120 1 6 1 1 2.286
121 121 1 5 3 1 2.2739
122 122 1 5 1 1 2.2397
123 123 1 5 1 1 2.2392
124 124 1 5 1 1 2.2346
125 125 1 5 3 1 2.2333
126 126 1 5 1 1 2.2233
127 127 1 5 1 1 2.2004
128 128 1 5 1 1 2.187
129 129 1 5 3 1 2.1861
130 130 1 6 1 1 2.1664
132 132 1 3 3 1 2.1571
133 133 1 6 1 1 2.1351
134 134 1 5 1 1 2.1322
135 135 1 5 1 1 2.0922
136 136 1 5 1 1 2.0816
137 137 1 4 3 1 2.0776
138 138 1 5 1 1 2.0694
139 139 1 5 1 1 2.0692
140 140 1 5 1 1 2.0688
141 141 1 5 1 1 2.058
142 142 1 5 3 1 2.0413
143 143 1 3 3 1 2.0259
144 144 1 5 3 1 2.0219
145 145 1 6 1 1 2.0017
146 146 1 5 1 1 1.9842
147 147 1 5 1 1 1.9821
148 148 1 4 3 1 1.9814
149 149 1 4 3 1 1.9621
150 150 1 5 3 1 1.9606
151 151 1 5 3 1 1.9531
152 152 1 4 3 1 1.9021
153 153 1 6 1 1 1.8667
154 154 1 4 3 1 1.8623
155 155 1 5 1 1 1.8468
156 156 1 5 3 1 1.8295
157 157 1 6 1 1 1.8123
158 158 1 5 1 1 1.7984
159 159 1 4 3 1 1.7695
161 161 1 4 3 1 1.7217
162 162 1 6 1 1 1.7187
163 163 1 6 1 1 1.6963
164 164 1 5 1 1 1.6953
165 165 1 5 1 1 1.6927
166 166 1 5 1 1 1.6779
167 167 1 3 3 1 1.6679
168 168 1 5 1 1 1.6669
169 169 1 5 3 1 1.616
170 170 1 4 3 1 1.6157
171 171 1 3 1 1 1.6
173 173 1 5 1 1 1.5658
174 174 1 4 3 1 1.5652
175 175 1 5 1 1 1.5375
176 176 1 4 3 1 1.5303
177 177 1 5 3 1 1.5284
180 180 1 5 1 1 1.5011
183 183 1 4 3 1 1.4546
185 185 1 3 1 1 1.4418
187 187 1 5 1 1 1.4348
188 188 1 3 1 1 1.4332
189 189 1 4 3 1 1.4224
190 190 1 5 1 1 1.3878
191 191 1 3 1 1 1.3794
192 192 1 3 3 1 1.3694
194 194 1 3 1 1 1.3306
195 195 1 3 3 1 1.3258
196 196 1 2 1 1 1.309
197 197 1 5 1 1 1.2717
198 198 1 1 1 1 1.261
199 199 1 5 1 1 1.2585
200 200 1 5 1 1 1.2556
201 201 1 5 1 1 1.2392
202 202 1 3 3 1 1.2091
203 203 1 3 3 1 1.2007
204 204 1 1 1 1 1.1997
205 205 1 3 1 1 1.1983
206 206 1 6 3 1 1.181
207 207 1 5 1 1 1.1784
208 208 1 3 3 1 1.1496
209 209 1 2 1 1 1.147
210 210 1 5 1 1 1.1318
211 211 1 3 3 1 1.1313
214 214 1 3 3 1 1.0964
217 217 1 3 1 1 1.0419
221 221 1 3 1 1 1.0226
222 222 1 5 1 1 1.0218
223 223 1 3 3 1 1.0215
225 225 1 5 1 1 0.9874
227 227 1 4 3 1 0.9868
228 228 1 2 1 1 0.9824
229 229 1 5 1 1 0.968
231 231 1 3 1 1 0.9479
232 232 1 4 3 1 0.9418
234 234 1 2 1 1 0.9219
235 235 1 3 3 1 0.9172
236 236 1 4 3 1 0.9
237 237 1 4 3 1 0.8954
238 238 1 3 1 1 0.8877
239 239 1 5 1 1 0.8876
240 240 1 5 1 1 0.8761
242 242 1 5 1 1 0.8567
244 244 1 1 1 1 0.8373
245 245 1 5 1 1 0.8111
246 246 1 3 3 1 0.799
249 249 1 3 3 1 0.7294
250 250 1 3 1 1 0.7004
251 251 1 3 3 1 0.6882
252 252 1 3 1 1 0.6839
253 253 1 3 3 1 0.6767
254 254 1 5 1 1 0.6748
256 256 1 4 3 1 0.66
257 257 1 3 3 1 0.6459
262 262 1 4 3 1 0.5876
263 263 1 4 3 1 0.5798
265 265 1 2 1 1 0.5685
267 267 1 3 1 1 0.556
268 268 1 5 1 1 0.5558
269 269 1 5 1 1 0.5556
270 270 1 3 1 1 0.5533
271 271 1 1 3 1 0.5518
272 272 1 3 1 1 0.5493
274 274 1 3 3 1 0.5444
275 275 1 2 1 1 0.5318
276 276 1 3 1 1 0.5307
277 277 1 6 1 1 0.5175
278 278 1 4 3 1 0.4943
279 279 1 1 1 1 0.4921
280 280 1 3 3 1 0.4832
281 281 1 1 1 1 0.4808
282 282 1 3 1 1 0.4774
283 283 1 2 3 1 0.4756
284 284 1 3 1 1 0.4653
285 285 1 5 1 1 0.4506
286 286 1 6 1 1 0.4377
287 287 1 4 3 1 0.4259
288 288 1 2 3 1 0.4132
289 289 1 4 3 1 0.3976
290 290 1 3 1 1 0.3905
291 291 1 3 3 1 0.3904
297 297 1 4 3 1 0.343
298 298 1 3 1 1 0.3421
302 302 1 1 1 1 0.3289
304 304 1 2 1 1 0.3122
306 306 1 4 3 1 0.3041
307 307 1 3 1 1 0.3039
308 308 1 3 1 1 0.3028
310 310 1 3 1 1 0.2895
312 312 1 2 3 1 0.287
317 317 1 1 1 1 0.2758
318 318 1 3 3 1 0.2739
319 319 1 2 3 1 0.2738
320 320 1 2 3 1 0.2683
321 321 1 3 3 1 0.265
327 327 1 2 3 1 0.2577
328 328 1 2 3 1 0.2529
329 329 1 1 1 1 0.2506
330 330 1 3 3 1 0.2463
332 332 1 3 3 1 0.2352
337 337 1 3 1 1 0.2252
338 338 1 5 1 1 0.2242
340 340 1 2 1 1 0.2214
341 341 1 2 1 1 0.2207
342 342 1 2 1 1 0.2204
346 346 1 2 3 1 0.2189
353 353 1 3 1 1 0.2065
354 354 1 3 3 1 0.2061
358 358 1 3 3 1 0.2028
359 359 1 2 1 1 0.2024
360 360 1 2 3 1 0.1985
363 363 1 4 3 1 0.1935
364 364 1 3 3 1 0.1893
365 365 1 3 3 1 0.1892
366 366 1 3 3 1 0.1887
367 367 1 3 1 1 0.1875
368 368 1 2 1 1 0.1859
371 371 1 2 3 1 0.1827
376 376 1 5 1 1 0.175
378 378 1 4 3 1 0.1681
381 381 1 1 3 1 0.1661
382 382 1 2 1 1 0.1657
383 383 1 2 3 1 0.1654
385 385 1 2 1 1 0.1621
388 388 1 2 1 1 0.1611
389 389 1 2 1 1 0.1589
391 391 1 2 1 1 0.1555
392 392 1 2 1 1 0.1549
393 393 1 1 1 1 0.1543
394 394 1 1 1 1 0.1541
399 399 1 3 1 1 0.1492
410 410 1 2 1 1 0.1402
411 411 1 2 3 1 0.1401
412 412 1 2 1 1 0.14
415 415 1 2 1 1 0.1395
417 417 1 2 1 1 0.139
421 421 1 3 1 1 0.1347
423 423 1 2 1 1 0.1344
424 424 1 1 1 1 0.134
427 427 1 1 1 1 0.133
431 431 1 1 1 1 0.1316
435 435 1 2 1 1 0.1261
436 436 1 2 1 1 0.1261
437 437 1 2 1 1 0.1239
440 440 1 3 1 1 0.1212
444 444 1 3 3 1 0.1186
445 445 1 2 1 1 0.1181
448 448 1 1 1 1 0.1162
449 449 1 2 1 1 0.1121
451 451 1 4 3 1 0.1079
453 453 1 1 1 1 0.1069
456 456 1 1 1 1 0.1061
459 459 1 2 3 1 0.1014
461 461 1 1 1 1 0.0987
462 462 1 1 1 1 0.0969
466 466 1 2 1 1 0.0929
467 467 1 2 3 1 0.0928
471 471 1 2 1 1 0.0907
474 474 1 1 3 1 0.0888
476 476 1 2 3 1 0.0881
477 477 1 2 1 1 0.0877
479 479 1 1 1 1 0.0866
481 481 1 2 1 1 0.0827
482 482 1 2 3 1 0.0817
483 483 1 2 1 1 0.0817
488 488 1 1 1 1 0.079
491 491 1 3 1 1 0.0774
494 494 1 1 1 1 0.0738
499 499 1 1 1 1 0.0711
506 506 1 1 1 1 0.0647
515 515 1 2 1 1 0.0554
518 518 1 2 1 1 0.053
519 519 1 1 3 1 0.0526
527 527 1 1 3 1 0.047
535 535 1 1 1 1 0.0375
537 537 1 1 3 1 0.0334
539 539 1 1 1 1 0.0276
542 542 1 4 3 1 0.0218
543 543 1 2 1 1 0.019
544 544 1 6 1 1 0.0167
545 545 1 5 1 1 0.0131
763 763 2 10 1 1 4.2144
765 765 2 11 1 1 4.1906
771 771 2 11 1 1 3.8598
773 773 2 9 1 1 3.804
778 778 2 8 1 1 3.5826
785 785 2 8 1 1 3.3895
786 786 2 8 1 1 3.3839
787 787 2 8 1 1 3.3324
788 788 2 6 1 1 3.2799
789 789 2 4 1 1 3.2536
790 790 2 6 1 1 3.2492
791 791 2 6 1 1 3.2383
792 792 2 8 1 1 3.2333
793 793 2 11 1 1 3.2161
794 794 2 8 1 1 3.1991
795 795 2 5 1 1 3.1264
796 796 2 11 1 1 3.1242
799 799 2 10 1 1 3.0116
800 800 2 8 1 1 2.9792
802 802 2 6 1 1 2.9531
803 803 2 8 1 1 2.9504
805 805 2 6 1 1 2.8932
807 807 2 6 1 1 2.8892
808 808 2 6 1 1 2.865
809 809 2 7 3 1 2.8257
810 810 2 6 1 1 2.8067
811 811 2 8 1 1 2.7965
813 813 2 5 1 1 2.7649
814 814 2 5 1 1 2.7588
815 815 2 8 1 1 2.7189
816 816 2 11 1 1 2.7134
817 817 2 6 1 1 2.7084
818 818 2 4 1 1 2.7035
819 819 2 5 3 1 2.7023
820 820 2 6 3 1 2.6864
821 821 2 4 3 1 2.6559
822 822 2 6 1 1 2.6494
823 823 2 8 1 1 2.6463
824 824 2 5 1 1 2.6269
825 825 2 10 1 1 2.6265
826 826 2 7 3 1 2.603
827 827 2 9 1 1 2.5842
828 828 2 12 1 1 2.569
829 829 2 8 1 1 2.568
830 830 2 8 1 1 2.555
832 832 2 9 1 1 2.5396
834 834 2 11 1 1 2.502
835 835 2 7 3 1 2.496
836 836 2 5 1 1 2.4848
837 837 2 10 1 1 2.4796
838 838 2 7 3 1 2.4732
839 839 2 6 1 1 2.4703
841 841 2 4 1 1 2.436
843 843 2 12 1 1 2.4254
844 844 2 6 1 1 2.4221
845 845 2 4 3 1 2.4193
846 846 2 4 3 1 2.4151
847 847 2 2 1 1 2.4094
848 848 2 6 1 1 2.409
849 849 2 7 3 1 2.4
850 850 2 4 1 1 2.4
851 851 2 9 1 1 2.3826
852 852 2 10 1 1 2.3697
853 853 2 5 1 1 2.3689
854 854 2 5 3 1 2.3632
855 855 2 7 3 1 2.3571
856 856 2 10 1 1 2.3504
858 858 2 9 1 1 2.3468
859 859 2 9 3 1 2.3456
860 860 2 7 3 1 2.3423
861 861 2 6 1 1 2.3414
862 862 2 8 1 1 2.329
863 863 2 4 1 1 2.3209
864 864 2 7 3 1 2.3194
865 865 2 4 4 1 2.319
867 867 2 4 4 1 2.3154
869 869 2 6 3 1 2.2992
870 870 2 5 1 1 2.29
871 871 2 6 3 1 2.289
872 872 2 5 1 1 2.2888
873 873 2 7 3 1 2.2852
874 874 2 4 1 1 2.2779
875 875 2 10 1 1 2.272
876 876 2 5 1 1 2.2706
878 878 2 5 1 1 2.255
879 879 2 10 1 1 2.252
880 880 2 7 3 1 2.251
882 882 2 5 1 1 2.2494
883 883 2 4 4 1 2.2451
884 884 2 4 4 1 2.2393
886 886 2 6 3 1 2.2339
887 887 2 5 1 1 2.2302
888 888 2 6 3 1 2.2302
890 890 2 4 3 1 2.2184
891 891 2 6 3 1 2.2135
892 892 2 12 1 1 2.2048
893 893 2 10 1 1 2.1835
894 894 2 6 3 1 2.1727
895 895 2 4 4 1 2.1721
897 897 2 5 3 1 2.1564
898 898 2 7 3 1 2.1554
899 899 2 4 2 1 2.1478
900 900 2 5 1 1 2.1454
901 901 2 11 1 1 2.1439
902 902 2 7 3 1 2.1304
903 903 2 10 1 1 2.1282
904 904 2 1 1 1 2.1271
906 906 2 6 1 1 2.1238
907 907 2 11 1 1 2.1196
908 908 2 7 3 1 2.1129
910 910 2 5 1 1 2.1114
911 911 2 6 1 1 2.1047
912 912 2 7 3 1 2.1038
913 913 2 7 3 1 2.0966
914 914 2 9 1 1 2.0756
915 915 2 8 1 1 2.0749
916 916 2 4 1 1 2.0739
917 917 2 11 1 1 2.0737
918 918 2 7 3 1 2.0617
919 919 2 6 3 1 2.0602
920 920 2 8 1 1 2.0575
921 921 2 8 1 1 2.0431
922 922 2 6 1 1 2.0397
923 923 2 4 1 1 2.0371
924 924 2 5 1 1 2.0327
925 925 2 7 3 1 2.0273
926 926 2 5 1 1 2.0221
927 927 2 10 1 1 2.0191
928 928 2 9 1 1 2.0055
929 929 2 5 3 1 1.9916
930 930 2 5 1 1 1.9895
931 931 2 12 1 1 1.9881
932 932 2 10 1 1 1.9869
933 933 2 7 3 1 1.9832
934 934 2 6 3 1 1.9804
935 935 2 8 1 1 1.9753
936 936 2 3 3 1 1.9749
937 937 2 4 3 1 1.9736
938 938 2 7 3 1 1.9686
939 939 2 5 3 1 1.9477
940 940 2 5 3 1 1.9355
941 941 2 4 4 1 1.9303
943 943 2 7 3 1 1.9115
944 944 2 5 3 1 1.9009
945 945 2 7 3 1 1.8922
946 946 2 10 1 1 1.8892
947 947 2 8 3 1 1.8816
948 948 2 8 1 1 1.8812
949 949 2 4 4 1 1.8762
950 950 2 9 1 1 1.8723
951 951 2 10 1 1 1.8715
952 952 2 5 3 1 1.8639
953 953 2 8 1 1 1.8637
954 954 2 3 3 1 1.858
955 955 2 8 1 1 1.8573
956 956 2 11 1 1 1.8508
957 957 2 12 1 1 1.8493
958 958 2 4 3 1 1.8493
959 959 2 4 3 1 1.849
960 960 2 4 2 1 1.8437
961 961 2 7 3 1 1.8413
963 963 2 12 1 1 1.8365
965 965 2 1 3 1 1.8265
966 966 2 6 3 1 1.8201
967 967 2 6 1 1 1.8173
968 968 2 7 3 1 1.8169
969 969 2 7 3 1 1.8149
970 970 2 9 1 1 1.8121
971 971 2 5 1 1 1.8105
972 972 2 12 1 1 1.8052
973 973 2 7 3 1 1.8042
974 974 2 7 3 1 1.7939
975 975 2 2 1 1 1.7916
977 977 2 9 1 1 1.7814
978 978 2 9 1 1 1.7798
979 979 2 10 1 1 1.7679
980 980 2 6 1 1 1.7654
981 981 2 11 1 1 1.7638
982 982 2 7 3 1 1.7584
983 983 2 8 1 1 1.7573
984 984 2 5 3 1 1.7569
985 985 2 9 1 1 1.7565
986 986 2 10 1 1 1.7509
987 987 2 3 2 1 1.7441
988 988 2 12 3 1 1.7403
989 989 2 4 1 1 1.7374
990 990 2 5 1 1 1.7279
991 991 2 8 1 1 1.725
992 992 2 8 1 1 1.7231
993 993 2 4 1 1 1.7095
994 994 2 4 2 1 1.7088
995 995 2 5 1 1 1.6981
996 996 2 5 1 1 1.6972
997 997 2 4 2 1 1.6887
998 998 2 4 3 1 1.6842
999 999 2 10 1 1 1.6798
1000 1000 2 7 3 1 1.6773
1001 1001 2 6 3 1 1.6757
1002 1002 2 4 2 1 1.6756
1003 1003 2 4 3 1 1.6677
1004 1004 2 10 1 1 1.6665
1005 1005 2 9 1 1 1.6569
1006 1006 2 6 3 1 1.647
1008 1008 2 6 3 1 1.6369
1009 1009 2 4 3 1 1.6362
1010 1010 2 8 1 1 1.6339
1011 1011 2 4 3 1 1.6271
1012 1012 2 4 3 1 1.6181
1013 1013 2 4 3 1 1.6029
1014 1014 2 8 1 1 1.6019
1015 1015 2 10 1 1 1.598
1016 1016 2 3 2 1 1.5924
1017 1017 2 7 3 1 1.5875
1018 1018 2 3 3 1 1.5849
1019 1019 2 5 3 1 1.5675
1020 1020 2 8 1 1 1.5648
1021 1021 2 4 3 1 1.5648
1022 1022 2 4 4 1 1.5572
1023 1023 2 10 1 1 1.5565
1024 1024 2 4 3 1 1.556
1025 1025 2 8 1 1 1.5558
1026 1026 2 10 1 1 1.5537
1027 1027 2 4 2 1 1.5511
1028 1028 2 11 1 1 1.5495
1029 1029 2 7 3 1 1.5489
1030 1030 2 6 1 1 1.5076
1031 1031 2 4 1 1 1.5064
1032 1032 2 1 1 1 1.496
1033 1033 2 5 1 1 1.4882
1034 1034 2 7 3 1 1.4822
1036 1036 2 6 1 1 1.4774
1037 1037 2 11 1 1 1.4619
1038 1038 2 4 4 1 1.4616
1039 1039 2 5 1 1 1.4599
1040 1040 2 9 1 1 1.4595
1041 1041 2 5 1 1 1.4593
1042 1042 2 9 1 1 1.4565
1043 1043 2 4 3 1 1.4526
1044 1044 2 8 1 1 1.4433
1045 1045 2 6 3 1 1.4415
1047 1047 2 4 3 1 1.436
1048 1048 2 5 1 1 1.4353
1050 1050 2 4 4 1 1.4265
1051 1051 2 7 3 1 1.425
1052 1052 2 6 1 1 1.4226
1053 1053 2 6 3 1 1.4199
1054 1054 2 4 1 1 1.4111
1055 1055 2 4 2 1 1.4027
1056 1056 2 9 1 1 1.378
1057 1057 2 4 1 1 1.3639
1058 1058 2 9 1 1 1.356
1059 1059 2 3 3 1 1.354
1060 1060 2 1 3 1 1.3431
1061 1061 2 4 2 1 1.3344
1062 1062 2 6 3 1 1.3344
1064 1064 2 8 3 1 1.3296
1065 1065 2 4 1 1 1.3225
1066 1066 2 10 1 1 1.317
1067 1067 2 6 3 1 1.3024
1068 1068 2 4 3 1 1.2938
1069 1069 2 6 3 1 1.2921
1070 1070 2 3 3 1 1.2878
1071 1071 2 9 1 1 1.2746
1072 1072 2 11 1 1 1.274
1073 1073 2 4 1 1 1.2738
1074 1074 2 9 1 1 1.2643
1075 1075 2 9 1 1 1.2627
1076 1076 2 10 1 1 1.2578
1077 1077 2 10 1 1 1.2577
1078 1078 2 4 2 1 1.2571
1079 1079 2 4 4 1 1.2553
1080 1080 2 4 2 1 1.2548
1081 1081 2 4 2 1 1.245
1082 1082 2 11 1 1 1.2433
1084 1084 2 9 3 1 1.2372
1085 1085 2 9 1 1 1.2295
1086 1086 2 9 1 1 1.2277
1087 1087 2 2 1 1 1.2256
1088 1088 2 9 1 1 1.2184
1089 1089 2 4 4 1 1.216
1090 1090 2 4 4 1 1.2039
1091 1091 2 10 1 1 1.2014
1092 1092 2 4 1 1 1.1938
1093 1093 2 2 1 1 1.1826
1094 1094 2 2 3 1 1.1799
1095 1095 2 4 4 1 1.1797
1096 1096 2 6 1 1 1.1776
1097 1097 2 3 2 1 1.1711
1098 1098 2 9 1 1 1.1705
1099 1099 2 6 3 1 1.1677
1100 1100 2 6 3 1 1.1673
1101 1101 2 4 2 1 1.1665
1102 1102 2 6 3 1 1.1631
1103 1103 2 10 1 1 1.1624
1104 1104 2 11 1 1 1.155
1105 1105 2 4 4 1 1.1547
1106 1106 2 11 1 1 1.1529
1107 1107 2 7 3 1 1.1433
1108 1108 2 4 2 1 1.1393
1109 1109 2 3 3 1 1.1351
1110 1110 2 7 3 1 1.1335
1111 1111 2 11 1 1 1.1237
1112 1112 2 4 3 1 1.1199
1113 1113 2 11 1 1 1.1186
1114 1114 2 12 3 1 1.1177
1116 1116 2 3 2 1 1.1111
1117 1117 2 3 2 1 1.1053
1118 1118 2 7 3 1 1.1043
1119 1119 2 4 4 1 1.103
1120 1120 2 9 1 1 1.0943
1121 1121 2 4 2 1 1.0943
1122 1122 2 10 1 1 1.0929
1123 1123 2 6 1 1 1.0818
1124 1124 2 11 1 1 1.0801
1125 1125 2 5 3 1 1.0789
1126 1126 2 2 1 1 1.0759
1127 1127 2 4 4 1 1.0759
1128 1128 2 4 1 1 1.0696
1129 1129 2 3 3 1 1.064
1130 1130 2 10 1 1 1.0596
1131 1131 2 4 3 1 1.0578
1133 1133 2 12 3 1 1.0487
1134 1134 2 4 4 1 1.0471
1135 1135 2 3 2 1 1.0435
1136 1136 2 6 3 1 1.0383
1137 1137 2 4 1 1 1.0367
1139 1139 2 4 1 1 1.0289
1140 1140 2 6 3 1 1.0276
1141 1141 2 11 1 1 1.0243
1142 1142 2 5 1 1 1.0235
1143 1143 2 11 1 1 1.0145
1144 1144 2 9 1 1 1.013
1145 1145 2 4 4 1 1.011
1146 1146 2 11 1 1 1.0107
1148 1148 2 10 1 1 0.9991
1149 1149 2 6 1 1 0.9986
1150 1150 2 12 3 1 0.9977
1152 1152 2 3 3 1 0.9918
1154 1154 2 9 1 1 0.9908
1155 1155 2 4 2 1 0.9846
1156 1156 2 4 2 1 0.9758
1157 1157 2 2 1 1 0.962
1158 1158 2 10 1 1 0.9583
1159 1159 2 4 4 1 0.9526
1160 1160 2 4 3 1 0.9499
1161 1161 2 4 2 1 0.9294
1162 1162 2 5 3 1 0.9201
1163 1163 2 1 3 1 0.9166
1164 1164 2 3 2 1 0.9153
1165 1165 2 4 4 1 0.8961
1167 1167 2 6 1 1 0.8584
1168 1168 2 3 3 1 0.841
1170 1170 2 3 2 1 0.8204
1171 1171 2 3 2 1 0.8064
1172 1172 2 11 1 1 0.7983
1173 1173 2 9 1 1 0.7933
1174 1174 2 3 3 1 0.7722
1175 1175 2 4 4 1 0.7632
1176 1176 2 9 1 1 0.7569
1177 1177 2 11 1 1 0.7479
1178 1178 2 8 3 1 0.745
1180 1180 2 3 3 1 0.7414
1181 1181 2 9 1 1 0.7256
1182 1182 2 3 2 1 0.7246
1183 1183 2 6 1 1 0.7237
1185 1185 2 11 1 1 0.7031
1186 1186 2 11 1 1 0.7012
1187 1187 2 3 2 1 0.6856
1188 1188 2 1 3 1 0.6775
1189 1189 2 3 3 1 0.6741
1191 1191 2 4 3 1 0.6469
1193 1193 2 4 2 1 0.6319
1194 1194 2 4 2 1 0.6051
1196 1196 2 1 3 1 0.59
1197 1197 2 2 1 1 0.5779
1200 1200 2 3 2 1 0.5571
1201 1201 2 4 1 1 0.5507
1202 1202 2 11 1 1 0.5198
1203 1203 2 11 1 1 0.4952
1204 1204 2 4 2 1 0.4789
1205 1205 2 1 3 1 0.4755
1206 1206 2 11 1 1 0.4654
1207 1207 2 2 1 1 0.4619
1208 1208 2 2 1 1 0.4525
1210 1210 2 4 3 1 0.444
1211 1211 2 4 1 1 0.4333
1213 1213 2 3 2 1 0.4323
1214 1214 2 3 3 1 0.4299
1215 1215 2 4 1 1 0.4282
1216 1216 2 1 3 1 0.4234
1218 1218 2 2 1 1 0.4056
1219 1219 2 11 1 1 0.3999
1221 1221 2 12 1 1 0.397
1222 1222 2 4 1 1 0.3957
1223 1223 2 1 3 1 0.3948
1224 1224 2 4 3 1 0.3879
1225 1225 2 4 2 1 0.3872
1226 1226 2 4 2 1 0.3858
1227 1227 2 4 2 1 0.3855
1234 1234 2 3 2 1 0.3584
1238 1238 2 2 1 1 0.3307
1240 1240 2 12 1 1 0.3079
1241 1241 2 4 1 1 0.3067
1247 1247 2 3 3 1 0.2883
1248 1248 2 4 2 1 0.2853
1250 1250 2 4 1 1 0.2807
1260 1260 2 2 1 1 0.2484
1262 1262 2 11 1 1 0.2464
1268 1268 2 3 2 1 0.2327
1270 1270 2 1 1 1 0.2306
1271 1271 2 2 1 1 0.2304
1274 1274 2 2 1 1 0.2231
1278 1278 2 2 1 1 0.2163
1281 1281 2 4 3 1 0.2153
1284 1284 2 4 3 1 0.2124
1286 1286 2 1 1 1 0.2089
1292 1292 2 2 1 1 0.2002
1293 1293 2 2 1 1 0.2
1295 1295 2 1 1 1 0.1975
1296 1296 2 3 2 1 0.1968
1297 1297 2 1 1 1 0.1967
1298 1298 2 4 1 1 0.1955
1300 1300 2 4 3 1 0.1915
1301 1301 2 4 2 1 0.1912
1302 1302 2 1 1 1 0.1906
1307 1307 2 3 2 1 0.1865
1308 1308 2 3 2 1 0.1853
1311 1311 2 10 1 1 0.1813
1313 1313 2 4 3 1 0.1809
1317 1317 2 3 2 1 0.1775
1319 1319 2 12 1 1 0.175
1321 1321 2 4 2 1 0.1723
1323 1323 2 12 1 1 0.1717
1325 1325 2 3 2 1 0.1695
1330 1330 2 2 1 1 0.1633
1334 1334 2 2 1 1 0.1607
1335 1335 2 1 1 1 0.1602
1337 1337 2 4 2 1 0.1564
1339 1339 2 12 1 1 0.1562
1342 1342 2 1 1 1 0.1522
1343 1343 2 3 2 1 0.1511
1348 1348 2 3 2 1 0.1481
1349 1349 2 1 3 1 0.1439
1350 1350 2 3 2 1 0.1406
1353 1353 2 4 2 1 0.1393
1354 1354 2 1 1 1 0.1392
1356 1356 2 1 1 1 0.1374
1357 1357 2 12 1 1 0.1367
1360 1360 2 3 2 1 0.1359
1364 1364 2 4 3 1 0.1341
1365 1365 2 12 1 1 0.129
1366 1366 2 1 1 1 0.1282
1368 1368 2 1 1 1 0.1258
1369 1369 2 1 1 1 0.1255
1370 1370 2 3 2 1 0.1251
1371 1371 2 12 1 1 0.1244
1372 1372 2 1 1 1 0.124
1374 1374 2 2 1 1 0.12
1376 1376 2 1 1 1 0.1197
1378 1378 2 12 1 1 0.1179
1380 1380 2 1 1 1 0.1176
1383 1383 2 2 1 1 0.1138
1389 1389 2 2 1 1 0.1097
1390 1390 2 12 1 1 0.108
1392 1392 2 1 1 1 0.1075
1393 1393 2 1 1 1 0.1073
1397 1397 2 1 1 1 0.1038
1400 1400 2 3 2 1 0.1032
1401 1401 2 1 1 1 0.1028
1407 1407 2 2 1 1 0.1009
1413 1413 2 7 3 1 0.0987
1414 1414 2 12 1 1 0.097
1417 1417 2 1 1 1 0.0962
1419 1419 2 4 2 1 0.095
1420 1420 2 2 1 1 0.0948
1422 1422 2 2 1 1 0.0943
1424 1424 2 3 2 1 0.0934
1427 1427 2 12 1 1 0.0914
1430 1430 2 12 1 1 0.089
1431 1431 2 1 1 1 0.089
1432 1432 2 3 2 1 0.0884
1433 1433 2 12 1 1 0.0881
1435 1435 2 3 3 1 0.0879
1436 1436 2 2 1 1 0.0874
1437 1437 2 12 1 1 0.0859
1438 1438 2 1 1 1 0.0855
1439 1439 2 1 1 1 0.0833
1440 1440 2 1 1 1 0.0812
1441 1441 2 12 1 1 0.081
1442 1442 2 10 1 1 0.0807
1443 1443 2 12 1 1 0.0807
1449 1449 2 2 1 1 0.0777
1450 1450 2 12 1 1 0.0759
1451 1451 2 2 1 1 0.073
1452 1452 2 2 1 1 0.0711
1453 1453 2 1 1 1 0.0707
1456 1456 2 12 1 1 0.0688
1461 1461 2 12 1 1 0.0639
1470 1470 2 11 1 1 0.0583
1475 1475 2 12 1 1 0.0546
1477 1477 2 2 1 1 0.054
1478 1478 2 2 1 1 0.0519
1479 1479 2 1 1 1 0.0511
1481 1481 2 12 1 1 0.0497
1485 1485 2 12 1 1 0.0456
1486 1486 2 10 1 1 0.0451
1487 1487 2 1 1 1 0.0427
1490 1490 2 2 1 1 0.0422
1491 1491 2 12 1 1 0.0409
1497 1497 2 2 1 1 0.0356
1499 1499 2 11 1 1 0.0327
1502 1502 2 1 1 1 0.0311
1505 1505 2 1 1 1 0.0279
1506 1506 2 2 1 1 0.0275
1507 1507 2 1 1 1 0.0273
1508 1508 2 12 1 1 0.0271
1510 1510 2 2 1 1 0.023
1514 1514 2 2 1 1 0.0198
1515 1515 2 1 1 1 0.0188
1517 1517 2 4 3 1 0.0157
1518 1518 2 11 1 1 0.0156
1519 1519 2 8 1 1 0.0072
1671 1671 3 4 1 1 4.5461
1676 1676 3 10 1 1 4.3298
1679 1679 3 7 1 1 4.0077
1683 1683 3 7 1 1 3.8539
1685 1685 3 7 1 1 3.6782
1686 1686 3 8 1 1 3.5841
1687 1687 3 6 1 1 3.5432
1691 1691 3 6 1 1 3.3677
1692 1692 3 10 1 1 3.3474
1693 1693 3 7 1 1 3.3018
1694 1694 3 7 1 1 3.2127
1695 1695 3 6 1 1 3.2008
1696 1696 3 11 1 1 3.1724
1697 1697 3 6 1 1 3.1514
1698 1698 3 7 1 1 3.1343
1699 1699 3 7 1 1 3.1056
1700 1700 3 6 1 1 3.0962
1701 1701 3 7 1 1 3.0758
1702 1702 3 6 1 1 3.0692
1704 1704 3 7 1 1 3.0409
1705 1705 3 5 1 1 2.9466
1706 1706 3 7 1 1 2.9211
1707 1707 3 6 1 1 2.9071
1708 1708 3 8 1 1 2.9065
1709 1709 3 8 1 1 2.902
1711 1711 3 10 1 1 2.8672
1713 1713 3 7 3 1 2.8344
1715 1715 3 4 1 1 2.8229
1716 1716 3 7 1 1 2.7935
1717 1717 3 7 1 1 2.787
1718 1718 3 5 1 1 2.7839
1719 1719 3 5 1 1 2.7711
1720 1720 3 7 1 1 2.7686
1721 1721 3 10 1 1 2.7548
1722 1722 3 4 1 1 2.7387
1723 1723 3 7 3 1 2.7273
1725 1725 3 7 1 1 2.7076
1726 1726 3 10 3 1 2.7019
1727 1727 3 6 1 1 2.6984
1728 1728 3 8 1 1 2.6953
1729 1729 3 9 1 1 2.6621
1730 1730 3 4 1 1 2.6569
1731 1731 3 6 1 1 2.6483
1732 1732 3 6 1 1 2.6345
1733 1733 3 6 1 1 2.6009
1734 1734 3 6 1 1 2.5895
1735 1735 3 7 1 1 2.5777
1736 1736 3 7 1 1 2.5763
1737 1737 3 5 1 1 2.5321
1738 1738 3 10 1 1 2.4984
1739 1739 3 6 1 1 2.4976
1740 1740 3 6 1 1 2.4955
1741 1741 3 4 1 1 2.4953
1742 1742 3 5 1 1 2.4917
1743 1743 3 4 1 1 2.4906
1744 1744 3 7 1 1 2.478
1745 1745 3 6 1 1 2.4763
1746 1746 3 6 1 1 2.4601
1747 1747 3 4 1 1 2.4528
1748 1748 3 6 1 1 2.4522
1749 1749 3 9 1 1 2.4475
1750 1750 3 4 1 1 2.4073
1752 1752 3 4 1 1 2.3846
1753 1753 3 9 1 1 2.3827
1754 1754 3 6 1 1 2.3782
1755 1755 3 11 1 1 2.3742
1756 1756 3 4 1 1 2.3645
1757 1757 3 4 1 1 2.3625
1758 1758 3 5 1 1 2.3624
1759 1759 3 5 1 1 2.3578
1761 1761 3 6 1 1 2.3242
1762 1762 3 5 1 1 2.3231
1763 1763 3 4 1 1 2.3218
1764 1764 3 1 1 1 2.311
1765 1765 3 6 1 1 2.3086
1766 1766 3 10 1 1 2.3085
1767 1767 3 7 1 1 2.3047
1768 1768 3 4 1 1 2.2917
1769 1769 3 4 1 1 2.2888
1771 1771 3 2 1 1 2.2751
1772 1772 3 9 1 1 2.2742
1773 1773 3 7 1 1 2.2736
1774 1774 3 6 1 1 2.2594
1775 1775 3 7 1 1 2.2491
1776 1776 3 9 1 1 2.238
1777 1777 3 8 1 1 2.2111
1778 1778 3 6 1 1 2.1912
1779 1779 3 6 1 1 2.1726
1780 1780 3 7 1 1 2.169
1781 1781 3 7 1 1 2.1686
1782 1782 3 8 1 1 2.1526
1783 1783 3 4 1 1 2.1248
1784 1784 3 6 1 1 2.1041
1785 1785 3 5 1 1 2.0947
1786 1786 3 5 1 1 2.0845
1787 1787 3 10 1 1 2.0833
1788 1788 3 6 1 1 2.08
1789 1789 3 5 1 1 2.0667
1790 1790 3 8 1 1 2.0643
1791 1791 3 6 1 1 2.0612
1792 1792 3 5 1 1 2.0554
1794 1794 3 10 1 1 2.0401
1796 1796 3 9 1 1 2.0305
1798 1798 3 9 1 1 1.9926
1799 1799 3 6 1 1 1.9837
1800 1800 3 3 1 1 1.9816
1801 1801 3 9 1 1 1.9756
1802 1802 3 9 1 1 1.9244
1803 1803 3 9 1 1 1.916
1805 1805 3 9 1 1 1.9085
1806 1806 3 9 1 1 1.9068
1808 1808 3 9 1 1 1.9007
1809 1809 3 4 1 1 1.8888
1810 1810 3 5 1 1 1.8596
1811 1811 3 5 1 1 1.8502
1812 1812 3 8 1 1 1.8322
1813 1813 3 6 1 1 1.8243
1814 1814 3 4 1 1 1.8182
1815 1815 3 9 1 1 1.8095
1816 1816 3 5 1 1 1.8072
1817 1817 3 7 1 1 1.8044
1818 1818 3 5 1 1 1.7994
1819 1819 3 5 1 1 1.7952
1820 1820 3 9 1 1 1.7925
1822 1822 3 9 1 1 1.7585
1823 1823 3 9 3 1 1.7311
1825 1825 3 11 1 1 1.7191
1826 1826 3 5 1 1 1.7188
1828 1828 3 9 1 1 1.6951
1829 1829 3 10 1 1 1.6734
1830 1830 3 4 1 1 1.6631
1831 1831 3 11 1 1 1.6514
1832 1832 3 8 1 1 1.645
1833 1833 3 9 1 1 1.6377
1834 1834 3 5 1 1 1.6106
1835 1835 3 9 1 1 1.5946
1836 1836 3 3 1 1 1.5662
1837 1837 3 2 1 1 1.5612
1838 1838 3 6 1 1 1.5555
1839 1839 3 11 1 1 1.545
1841 1841 3 11 1 1 1.5331
1842 1842 3 3 1 1 1.5242
1843 1843 3 8 1 1 1.519
1844 1844 3 5 1 1 1.5174
1845 1845 3 3 1 1 1.506
1846 1846 3 9 3 1 1.5055
1847 1847 3 11 1 1 1.5054
1848 1848 3 8 1 1 1.4969
1849 1849 3 8 1 1 1.476
1850 1850 3 5 1 1 1.4748
1852 1852 3 4 1 1 1.4721
1853 1853 3 12 1 1 1.4637
1854 1854 3 11 1 1 1.4465
1855 1855 3 9 3 1 1.4455
1856 1856 3 1 3 1 1.4385
1857 1857 3 7 3 1 1.4383
1858 1858 3 9 3 1 1.4375
1859 1859 3 9 1 1 1.4367
1860 1860 3 9 1 1 1.4204
1861 1861 3 9 1 1 1.4124
1862 1862 3 5 1 1 1.4107
1863 1863 3 3 1 1 1.407
1864 1864 3 5 1 1 1.3994
1865 1865 3 8 1 1 1.3938
1866 1866 3 11 1 1 1.3854
1867 1867 3 8 1 1 1.3794
1868 1868 3 11 1 1 1.3684
1869 1869 3 11 1 1 1.3625
1870 1870 3 9 1 1 1.357
1871 1871 3 6 1 1 1.3457
1872 1872 3 11 1 1 1.3228
1873 1873 3 3 1 1 1.3191
1874 1874 3 5 1 1 1.3018
1876 1876 3 4 1 1 1.2695
1877 1877 3 8 1 1 1.2689
1878 1878 3 9 1 1 1.2687
1879 1879 3 1 2 1 1.2545
1880 1880 3 9 1 1 1.2413
1881 1881 3 7 3 1 1.2359
1882 1882 3 3 1 1 1.2348
1884 1884 3 5 1 1 1.1933
1886 1886 3 3 1 1 1.1803
1887 1887 3 8 1 1 1.1557
1888 1888 3 7 3 1 1.1346
1889 1889 3 11 1 1 1.1332
1891 1891 3 3 1 1 1.1124
1892 1892 3 3 1 1 1.1097
1893 1893 3 5 1 1 1.1
1894 1894 3 7 3 1 1.0995
1895 1895 3 7 3 1 1.0958
1896 1896 3 5 1 1 1.091
1897 1897 3 3 1 1 1.0879
1898 1898 3 10 1 1 1.0764
1900 1900 3 7 1 1 1.0433
1901 1901 3 4 1 1 1.0409
1902 1902 3 3 1 1 1.0259
1903 1903 3 3 1 1 1.0227
1904 1904 3 9 1 1 1.0056
1905 1905 3 9 1 1 1.0048
1906 1906 3 11 1 1 1.0021
1907 1907 3 11 1 1 1
1908 1908 3 3 1 1 0.9969
1910 1910 3 8 1 1 0.9792
1912 1912 3 2 1 1 0.9745
1913 1913 3 3 1 1 0.9741
1915 1915 3 7 3 1 0.9387
1917 1917 3 3 1 1 0.9287
1919 1919 3 11 1 1 0.9184
1921 1921 3 3 1 1 0.8971
1923 1923 3 3 1 1 0.8571
1925 1925 3 2 1 1 0.8534
1926 1926 3 2 1 1 0.8441
1927 1927 3 8 1 1 0.842
1928 1928 3 7 1 1 0.8369
1929 1929 3 9 3 1 0.8263
1930 1930 3 9 1 1 0.8244
1931 1931 3 11 1 1 0.8195
1933 1933 3 3 1 1 0.7965
1934 1934 3 4 1 1 0.7955
1935 1935 3 3 1 1 0.7752
1936 1936 3 4 1 1 0.7643
1937 1937 3 11 1 1 0.7608
1938 1938 3 4 1 1 0.751
1939 1939 3 2 1 1 0.7396
1941 1941 3 8 1 1 0.7136
1943 1943 3 2 1 1 0.7083
1946 1946 3 7 3 1 0.6008
1947 1947 3 4 1 1 0.5955
1949 1949 3 9 1 1 0.5633
1951 1951 3 8 1 1 0.554
1952 1952 3 5 1 1 0.5498
1954 1954 3 7 1 1 0.5351
1956 1956 3 2 1 1 0.5061
1957 1957 3 7 1 1 0.502
1958 1958 3 4 1 1 0.4844
1959 1959 3 1 2 1 0.4828
1961 1961 3 11 1 1 0.4717
1962 1962 3 3 1 1 0.4716
1967 1967 3 1 2 1 0.4537
1968 1968 3 2 1 1 0.4526
1973 1973 3 2 1 1 0.4446
1974 1974 3 3 1 1 0.4367
1975 1975 3 1 1 1 0.4354
1978 1978 3 4 1 1 0.4311
1980 1980 3 4 1 1 0.4154
1981 1981 3 2 1 1 0.4107
1984 1984 3 2 1 1 0.385
1991 1991 3 4 1 1 0.36
1992 1992 3 11 1 1 0.357
1994 1994 3 3 1 1 0.3437
1995 1995 3 4 1 1 0.3315
2010 2010 3 11 1 1 0.3086
2022 2022 3 1 1 1 0.2821
2024 2024 3 1 1 1 0.2777
2026 2026 3 1 1 1 0.2747
2032 2032 3 1 1 1 0.2645
2039 2039 3 1 3 1 0.2587
2040 2040 3 7 1 1 0.2577
2041 2041 3 1 1 1 0.2571
2047 2047 3 9 1 1 0.238
2053 2053 3 3 1 1 0.2344
2055 2055 3 1 1 1 0.2313
2058 2058 3 1 2 1 0.2274
2060 2060 3 9 1 1 0.2253
2063 2063 3 1 1 1 0.2223
2066 2066 3 12 1 1 0.2193
2067 2067 3 1 2 1 0.2189
2068 2068 3 12 1 1 0.2148
2069 2069 3 1 1 1 0.2141
2071 2071 3 12 1 1 0.2097
2072 2072 3 12 1 1 0.2095
2073 2073 3 2 1 1 0.2076
2074 2074 3 2 1 1 0.2067
2076 2076 3 12 1 1 0.2054
2077 2077 3 1 2 1 0.2044
2079 2079 3 1 1 1 0.2031
2082 2082 3 12 1 1 0.2013
2084 2084 3 1 2 1 0.1986
2085 2085 3 2 3 1 0.1985
2086 2086 3 2 1 1 0.198
2087 2087 3 1 2 1 0.1973
2090 2090 3 1 1 1 0.1955
2093 2093 3 3 1 1 0.1898
2094 2094 3 2 1 1 0.1869
2096 2096 3 1 2 1 0.1854
2098 2098 3 1 1 1 0.182
2101 2101 3 1 1 1 0.1786
2102 2102 3 1 3 1 0.1735
2105 2105 3 1 2 1 0.1698
2108 2108 3 1 2 1 0.1663
2109 2109 3 1 1 1 0.1622
2111 2111 3 3 1 1 0.1608
2113 2113 3 12 1 1 0.1605
2118 2118 3 2 1 1 0.1599
2120 2120 3 1 1 1 0.1586
2121 2121 3 1 2 1 0.1584
2122 2122 3 2 1 1 0.1584
2123 2123 3 1 1 1 0.1583
2129 2129 3 1 1 1 0.1563
2131 2131 3 1 2 1 0.155
2132 2132 3 1 2 1 0.1545
2135 2135 3 12 1 1 0.1536
2136 2136 3 2 1 1 0.1535
2138 2138 3 12 1 1 0.1528
2139 2139 3 1 2 1 0.1527
2141 2141 3 1 2 1 0.1509
2143 2143 3 12 1 1 0.15
2144 2144 3 2 1 1 0.15
2146 2146 3 12 1 1 0.1462
2147 2147 3 1 2 1 0.1456
2148 2148 3 1 2 1 0.1436
2149 2149 3 12 1 1 0.1415
2151 2151 3 2 1 1 0.1411
2157 2157 3 2 1 1 0.1383
2158 2158 3 2 1 1 0.1374
2163 2163 3 11 1 1 0.1328
2168 2168 3 12 1 1 0.1319
2169 2169 3 1 2 1 0.1303
2170 2170 3 1 2 1 0.1301
2171 2171 3 12 1 1 0.1296
2172 2172 3 12 1 1 0.1293
2173 2173 3 1 2 1 0.1287
2174 2174 3 1 2 1 0.1286
2175 2175 3 12 1 1 0.1282
2176 2176 3 2 1 1 0.1274
2177 2177 3 12 1 1 0.1272
2178 2178 3 1 1 1 0.1265
2180 2180 3 12 1 1 0.126
2182 2182 3 2 1 1 0.1246
2183 2183 3 1 1 1 0.1236
2185 2185 3 1 2 1 0.122
2186 2186 3 1 2 1 0.1211
2187 2187 3 2 1 1 0.1211
2189 2189 3 12 1 1 0.1206
2190 2190 3 1 2 1 0.1202
2191 2191 3 2 1 1 0.1202
2192 2192 3 12 1 1 0.1189
2193 2193 3 12 1 1 0.1162
2194 2194 3 12 1 1 0.1156
2196 2196 3 1 1 1 0.1137
2197 2197 3 1 2 1 0.1135
2198 2198 3 1 1 1 0.1132
2201 2201 3 1 2 1 0.1124
2202 2202 3 10 1 1 0.1116
2205 2205 3 12 1 1 0.1051
2206 2206 3 1 1 1 0.1051
2207 2207 3 12 1 1 0.1045
2208 2208 3 12 1 1 0.1041
2209 2209 3 1 2 1 0.1031
2210 2210 3 1 1 1 0.1021
2212 2212 3 4 1 1 0.1
2213 2213 3 1 2 1 0.0991
2214 2214 3 1 1 1 0.099
2215 2215 3 12 1 1 0.0984
2218 2218 3 1 2 1 0.0954
2220 2220 3 12 1 1 0.0932
2221 2221 3 12 1 1 0.091
2223 2223 3 1 3 1 0.089
2225 2225 3 10 1 1 0.0877
2226 2226 3 1 1 1 0.0875
2227 2227 3 1 1 1 0.0866
2228 2228 3 2 1 1 0.0854
2230 2230 3 1 2 1 0.0844
2231 2231 3 10 1 1 0.0831
2233 2233 3 1 1 1 0.0798
2237 2237 3 10 1 1 0.0714
2238 2238 3 10 1 1 0.0706
2239 2239 3 1 1 1 0.0686
2240 2240 3 10 1 1 0.0679
2243 2243 3 2 1 1 0.0644
2244 2244 3 1 1 1 0.0643
2246 2246 3 11 1 1 0.0639
2248 2248 3 11 1 1 0.0637
2249 2249 3 10 1 1 0.0633
2251 2251 3 11 1 1 0.0593
2252 2252 3 10 1 1 0.0568
2254 2254 3 10 1 1 0.0558
2256 2256 3 10 1 1 0.0533
2257 2257 3 10 1 1 0.0519
2259 2259 3 10 1 1 0.0502
2260 2260 3 10 1 1 0.0479
2264 2264 3 10 1 1 0.0435
2265 2265 3 11 1 1 0.0433
2266 2266 3 10 1 1 0.0411
2267 2267 3 11 1 1 0.0407
2271 2271 3 11 1 1 0.0387
2272 2272 3 10 1 1 0.0366
2273 2273 3 10 1 1 0.035
2276 2276 3 11 1 1 0.0275
2279 2279 3 10 1 1 0.024
2280 2280 3 10 1 1 0.0237
2281 2281 3 10 1 1 0.0207
2282 2282 3 7 1 1 0.0124
2283 2283 3 7 1 1 0.0064
2384 2384 4 8 1 1 3.9413
2388 2388 4 7 1 1 3.5933
2389 2389 4 9 1 1 3.5575
2390 2390 4 8 1 1 3.4574
2393 2393 4 8 1 1 3.215
2394 2394 4 8 1 1 3.1444
2396 2396 4 7 1 1 3.0629
2397 2397 4 8 1 1 3.0269
2398 2398 4 7 1 1 3.0089
2399 2399 4 12 1 1 2.9877
2400 2400 4 7 1 1 2.8942
2401 2401 4 8 1 1 2.8734
2402 2402 4 12 1 1 2.8268
2403 2403 4 8 1 1 2.811
2405 2405 4 9 1 1 2.7886
2406 2406 4 7 1 1 2.7764
2407 2407 4 10 1 1 2.7625
2408 2408 4 7 1 1 2.7169
2409 2409 4 8 1 1 2.6957
2410 2410 4 7 1 1 2.6439
2411 2411 4 7 1 1 2.626
2412 2412 4 9 1 1 2.6213
2413 2413 4 8 1 1 2.5917
2414 2414 4 9 1 1 2.5463
2415 2415 4 7 1 1 2.5134
2416 2416 4 9 1 1 2.4386
2417 2417 4 9 1 1 2.4196
2418 2418 4 7 1 1 2.4094
2419 2419 4 12 1 1 2.3914
2420 2420 4 7 1 1 2.3901
2421 2421 4 12 1 1 2.3556
2422 2422 4 7 1 1 2.3337
2423 2423 4 8 1 1 2.3228
2424 2424 4 7 1 1 2.2995
2425 2425 4 8 1 1 2.2863
2426 2426 4 8 1 1 2.2853
2427 2427 4 8 1 1 2.2784
2428 2428 4 9 1 1 2.2658
2429 2429 4 9 1 1 2.261
2430 2430 4 9 1 1 2.1705
2431 2431 4 8 1 1 2.1028
2432 2432 4 8 1 1 2.101
2433 2433 4 8 1 1 2.065
2434 2434 4 9 1 1 2.0529
2435 2435 4 9 1 1 2.0231
2436 2436 4 12 1 1 2.0204
2437 2437 4 7 1 1 2.006
2438 2438 4 7 1 1 2.0027
2439 2439 4 9 1 1 1.9752
2441 2441 4 9 1 1 1.9651
2442 2442 4 7 1 1 1.9554
2443 2443 4 7 1 1 1.9293
2444 2444 4 12 1 1 1.9247
2445 2445 4 11 3 1 1.923
2446 2446 4 7 1 1 1.8931
2447 2447 4 9 1 1 1.8856
2448 2448 4 9 1 1 1.8512
2449 2449 4 7 1 1 1.843
2450 2450 4 10 1 1 1.8067
2451 2451 4 7 1 1 1.7896
2452 2452 4 9 1 1 1.7842
2453 2453 4 7 1 1 1.7537
2454 2454 4 12 1 1 1.746
2455 2455 4 7 1 1 1.7194
2456 2456 4 11 3 1 1.7106
2457 2457 4 8 1 1 1.7005
2458 2458 4 9 1 1 1.6958
2459 2459 4 7 1 1 1.6549
2460 2460 4 9 1 1 1.5621
2461 2461 4 10 1 1 1.505
2462 2462 4 9 1 1 1.5029
2463 2463 4 7 1 1 1.4699
2464 2464 4 9 1 1 1.4481
2465 2465 4 9 1 1 1.4393
2466 2466 4 8 1 1 1.4144
2467 2467 4 12 1 1 1.4098
2468 2468 4 11 3 1 1.3951
2469 2469 4 8 1 1 1.3893
2470 2470 4 7 1 1 1.3299
2471 2471 4 9 1 1 1.3233
2472 2472 4 7 1 1 1.3083
2473 2473 4 9 1 1 1.2351
2474 2474 4 9 1 1 1.2333
2475 2475 4 7 1 1 1.2084
2476 2476 4 7 1 1 1.1803
2477 2477 4 8 1 1 1.1533
2478 2478 4 7 1 1 1.1449
2480 2480 4 8 1 1 1.0771
2481 2481 4 8 1 1 1.0638
2482 2482 4 9 1 1 1.0622
2483 2483 4 8 1 1 1.0102
2484 2484 4 9 1 1 0.9857
2485 2485 4 7 1 1 0.9749
2486 2486 4 8 1 1 0.9003
2487 2487 4 8 1 1 0.8995
2488 2488 4 8 1 1 0.8811
2491 2491 4 8 1 1 0.7531
2493 2493 4 9 1 1 0.6579
2494 2494 4 8 1 1 0.6552
2495 2495 4 8 1 1 0.6546
2496 2496 4 7 1 1 0.6435
2497 2497 4 8 1 1 0.6407
2498 2498 4 9 1 1 0.6085
2501 2501 4 10 1 1 0.5
2504 2504 4 9 1 1 0.4441
2514 2514 4 12 1 1 0.2481
2521 2521 4 12 1 1 0.2082
2527 2527 4 12 1 1 0.1614
2529 2529 4 12 1 1 0.1516
2533 2533 4 12 1 1 0.1432
2534 2534 4 12 1 1 0.1432
2535 2535 4 12 1 1 0.1424
2536 2536 4 12 1 1 0.1419
2537 2537 4 10 1 1 0.1406
2538 2538 4 12 1 1 0.1406
2539 2539 4 12 1 1 0.1402
2542 2542 4 12 1 1 0.1366
2550 2550 4 10 1 1 0.1225
2552 2552 4 10 1 1 0.1206
2554 2554 4 10 1 1 0.1173
2555 2555 4 12 1 1 0.1103
2557 2557 4 12 1 1 0.1082
2558 2558 4 12 1 1 0.1078
2559 2559 4 12 1 1 0.1061
2560 2560 4 12 1 1 0.1057
2563 2563 4 10 1 1 0.1003
2564 2564 4 12 1 1 0.1
2565 2565 4 12 1 1 0.0996
2566 2566 4 12 1 1 0.0985
2567 2567 4 12 1 1 0.0977
2568 2568 4 12 1 1 0.0962
2569 2569 4 12 1 1 0.0952
2571 2571 4 10 1 1 0.0904
2572 2572 4 10 1 1 0.0902
2573 2573 4 12 1 1 0.0899
2574 2574 4 12 1 1 0.0894
2575 2575 4 10 1 1 0.0893
2576 2576 4 12 1 1 0.0891
2578 2578 4 10 1 1 0.0874
2579 2579 4 10 1 1 0.0849
2581 2581 4 12 1 1 0.0826
2582 2582 4 12 1 1 0.0806
2583 2583 4 12 1 1 0.0805
2585 2585 4 12 1 1 0.0796
2586 2586 4 12 1 1 0.0789
2588 2588 4 10 1 1 0.0786
2589 2589 4 12 1 1 0.0776
2590 2590 4 12 1 1 0.0773
2591 2591 4 10 1 1 0.0765
2592 2592 4 10 1 1 0.076
2593 2593 4 9 1 1 0.0757
2594 2594 4 12 1 1 0.0755
2595 2595 4 10 1 1 0.0741
2596 2596 4 12 1 1 0.0741
2597 2597 4 12 1 1 0.0733
2598 2598 4 12 1 1 0.0731
2599 2599 4 12 1 1 0.0728
2601 2601 4 12 1 1 0.071
2602 2602 4 12 1 1 0.0693
2604 2604 4 12 1 1 0.0678
2605 2605 4 12 1 1 0.0676
2607 2607 4 10 1 1 0.0657
2608 2608 4 12 1 1 0.0654
2609 2609 4 10 1 1 0.063
2611 2611 4 12 1 1 0.0577
2613 2613 4 12 1 1 0.0567
2614 2614 4 8 1 1 0.054
2616 2616 4 10 1 1 0.053
2617 2617 4 12 1 1 0.0497
2619 2619 4 10 1 1 0.0481
2622 2622 4 10 1 1 0.0455
2623 2623 4 12 1 1 0.0452
2624 2624 4 10 1 1 0.0423
2625 2625 4 10 1 1 0.0417
2626 2626 4 10 1 1 0.0398
2627 2627 4 12 1 1 0.0398
2628 2628 4 10 1 1 0.0367
2629 2629 4 8 1 1 0.0358
2630 2630 4 12 1 1 0.0356
2632 2632 4 10 1 1 0.0343
2633 2633 4 10 1 1 0.0335
2634 2634 4 10 1 1 0.0331
2636 2636 4 10 1 1 0.0307
2638 2638 4 12 1 1 0.0258
2640 2640 4 10 1 1 0.02
2642 2642 4 12 1 1 0.0165
2643 2643 4 10 1 1 0.0132
2644 2644 4 12 1 1 0.007
