Sample GSI YEAR MONTH Location Sex
1 1 10.4432 1 1 1 2
2 2 9.8331 1 1 3 2
3 3 9.7356 1 1 1 2
4 5 8.9926 1 1 1 2
5 6 8.7707 1 1 1 2
6 7 8.2576 1 1 1 2
7 8 7.4045 1 1 3 2
8 9 7.2156 1 1 3 2
9 10 6.8372 1 2 1 2
10 11 6.3882 1 1 1 2
11 12 6.3672 1 6 1 2
12 13 6.2998 1 2 1 2
13 14 6.0726 1 1 1 2
14 15 5.8395 1 6 1 2
15 16 5.807 1 6 1 2
16 17 5.7774 1 6 3 2
17 18 5.7757 1 1 1 2
18 19 5.6484 1 5 3 2
19 20 5.6141 1 5 1 2
20 21 5.6017 1 5 3 2
21 22 5.551 1 6 1 2
22 23 5.311 1 5 1 2
23 24 5.297 1 5 1 1
24 25 5.2253 1 6 1 2
25 26 5.1667 1 6 1 2
26 27 5.1405 1 6 1 2
27 28 5.1292 1 6 1 2
28 29 5.0782 1 6 1 2
29 30 5.0612 1 6 1 2
30 31 5.0097 1 5 1 2
31 32 4.9745 1 6 1 2
32 33 4.9172 1 6 1 2
33 34 4.9041 1 2 1 2
34 35 4.9009 1 5 1 2
35 36 4.8783 1 6 1 2
36 37 4.7918 1 5 1 2
37 38 4.7862 1 6 1 2
38 39 4.7681 1 5 1 2
39 40 4.6603 1 6 3 2
40 41 4.6148 1 6 1 2
41 42 4.6108 1 6 1 2
42 43 4.5811 1 6 1 2
43 44 4.5528 1 6 1 2
44 45 4.4897 1 5 3 2
45 46 4.4573 1 6 1 2
46 47 4.3419 1 5 1 2
47 48 4.2968 1 5 3 1
48 49 4.2676 1 5 1 2
49 50 4.2048 1 6 1 2
50 51 4.1981 1 6 1 2
51 52 4.1006 1 6 1 2
52 53 4.0654 1 6 1 2
53 54 3.9219 1 5 1 2
54 55 3.9197 1 5 1 2
55 56 3.9141 1 5 3 2
56 57 3.5899 1 5 1 2
57 58 3.5008 1 6 1 1
58 59 3.2541 1 5 1 2
59 60 3.2487 1 6 1 1
60 61 3.2304 1 6 1 1
61 62 3.2263 1 5 3 1
62 63 3.1848 1 6 1 1
63 64 3.13 1 5 1 2
64 65 2.9683 1 6 1 1
65 66 2.9544 1 5 1 1
66 67 2.939 1 6 1 1
67 68 2.9327 1 5 1 1
68 69 2.8933 1 6 1 1
69 70 2.8593 1 6 1 1
70 71 2.8534 1 5 1 1
71 72 2.8188 1 6 1 1
72 73 2.8129 1 6 1 1
73 74 2.8037 1 6 1 1
74 75 2.7928 1 6 1 1
75 76 2.7601 1 5 3 2
76 77 2.6601 1 5 1 1
77 78 2.6492 1 6 1 1
78 79 2.6353 1 5 3 1
79 80 2.6341 1 5 1 1
80 81 2.6241 1 5 1 1
81 82 2.6151 1 5 3 1
82 83 2.6064 1 5 1 1
83 84 2.5951 1 5 1 1
84 85 2.5781 1 4 3 1
85 86 2.5674 1 5 1 1
86 87 2.5616 1 5 1 1
87 88 2.5545 1 6 1 1
88 89 2.5526 1 5 1 1
89 90 2.499 1 6 1 1
90 91 2.4789 1 6 1 1
91 92 2.4606 1 6 1 1
92 93 2.4559 1 5 1 2
93 94 2.4425 1 6 1 1
94 95 2.4356 1 5 1 1
95 96 2.4238 1 5 1 1
96 97 2.4145 1 5 1 1
97 98 2.4062 1 6 3 1
98 99 2.4038 1 5 1 1
99 100 2.402 1 6 3 1
100 101 2.4006 1 6 3 1
101 102 2.3993 1 5 3 2
102 103 2.3976 1 5 1 1
103 104 2.3923 1 5 3 1
104 105 2.3882 1 5 1 1
105 106 2.3848 1 6 3 1
106 107 2.3847 1 5 1 1
107 108 2.3746 1 5 3 1
108 109 2.3731 1 5 1 1
109 110 2.3723 1 5 1 1
110 111 2.3714 1 5 1 1
111 112 2.3496 1 6 1 1
112 113 2.3495 1 6 1 1
113 114 2.3282 1 5 1 1
114 115 2.3251 1 5 1 1
115 116 2.322 1 5 1 1
116 117 2.3018 1 6 1 1
117 118 2.3011 1 5 1 1
118 119 2.3 1 5 3 1
119 120 2.286 1 6 1 1
120 121 2.2739 1 5 3 1
121 122 2.2397 1 5 1 1
122 123 2.2392 1 5 1 1
123 124 2.2346 1 5 1 1
124 125 2.2333 1 5 3 1
125 126 2.2233 1 5 1 1
126 127 2.2004 1 5 1 1
127 128 2.187 1 5 1 1
128 129 2.1861 1 5 3 1
129 130 2.1664 1 6 1 1
130 131 2.1595 1 5 1 2
131 132 2.1571 1 3 3 1
132 133 2.1351 1 6 1 1
133 134 2.1322 1 5 1 1
134 135 2.0922 1 5 1 1
135 136 2.0816 1 5 1 1
136 137 2.0776 1 4 3 1
137 138 2.0694 1 5 1 1
138 139 2.0692 1 5 1 1
139 140 2.0688 1 5 1 1
140 141 2.058 1 5 1 1
141 142 2.0413 1 5 3 1
142 143 2.0259 1 3 3 1
143 144 2.0219 1 5 3 1
144 145 2.0017 1 6 1 1
145 146 1.9842 1 5 1 1
146 147 1.9821 1 5 1 1
147 148 1.9814 1 4 3 1
148 149 1.9621 1 4 3 1
149 150 1.9606 1 5 3 1
150 151 1.9531 1 5 3 1
151 152 1.9021 1 4 3 1
152 153 1.8667 1 6 1 1
153 154 1.8623 1 4 3 1
154 155 1.8468 1 5 1 1
155 156 1.8295 1 5 3 1
156 157 1.8123 1 6 1 1
157 158 1.7984 1 5 1 1
158 159 1.7695 1 4 3 1
159 160 1.7658 1 5 3 2
160 161 1.7217 1 4 3 1
161 162 1.7187 1 6 1 1
162 163 1.6963 1 6 1 1
163 164 1.6953 1 5 1 1
164 165 1.6927 1 5 1 1
165 166 1.6779 1 5 1 1
166 167 1.6679 1 3 3 1
167 168 1.6669 1 5 1 1
168 169 1.616 1 5 3 1
169 170 1.6157 1 4 3 1
170 171 1.6 1 3 1 1
171 172 1.5894 1 6 1 2
172 173 1.5658 1 5 1 1
173 174 1.5652 1 4 3 1
174 175 1.5375 1 5 1 1
175 176 1.5303 1 4 3 1
176 177 1.5284 1 5 3 1
177 178 1.528 1 5 1 2
178 179 1.5168 1 5 1 2
179 180 1.5011 1 5 1 1
180 181 1.49 1 5 1 2
181 182 1.4554 1 5 3 2
182 183 1.4546 1 4 3 1
183 184 1.451 1 5 1 2
184 185 1.4418 1 3 1 1
185 186 1.437 1 5 1 2
186 187 1.4348 1 5 1 1
187 188 1.4332 1 3 1 1
188 189 1.4224 1 4 3 1
189 190 1.3878 1 5 1 1
190 191 1.3794 1 3 1 1
191 192 1.3694 1 3 3 1
192 193 1.3402 1 5 1 2
193 194 1.3306 1 3 1 1
194 195 1.3258 1 3 3 1
195 196 1.309 1 2 1 1
196 197 1.2717 1 5 1 1
197 198 1.261 1 1 1 1
198 199 1.2585 1 5 1 1
199 200 1.2556 1 5 1 1
200 201 1.2392 1 5 1 1
201 202 1.2091 1 3 3 1
202 203 1.2007 1 3 3 1
203 204 1.1997 1 1 1 1
204 205 1.1983 1 3 1 1
205 206 1.181 1 6 3 1
206 207 1.1784 1 5 1 1
207 208 1.1496 1 3 3 1
208 209 1.147 1 2 1 1
209 210 1.1318 1 5 1 1
210 211 1.1313 1 3 3 1
211 212 1.1275 1 5 1 2
212 213 1.1014 1 5 3 2
213 214 1.0964 1 3 3 1
214 215 1.0565 1 5 1 2
215 216 1.042 1 5 1 2
216 217 1.0419 1 3 1 1
217 218 1.04 1 5 3 2
218 219 1.0375 1 5 3 2
219 220 1.0286 1 5 1 2
220 221 1.0226 1 3 1 1
221 222 1.0218 1 5 1 1
222 223 1.0215 1 3 3 1
223 224 1.001 1 5 1 2
224 225 0.9874 1 5 1 1
225 226 0.9872 1 5 1 2
226 227 0.9868 1 4 3 1
227 228 0.9824 1 2 1 1
228 229 0.968 1 5 1 1
229 230 0.9612 1 6 1 2
230 231 0.9479 1 3 1 1
231 232 0.9418 1 4 3 1
232 233 0.9369 1 5 1 2
233 234 0.9219 1 2 1 1
234 235 0.9172 1 3 3 1
235 236 0.9 1 4 3 1
236 237 0.8954 1 4 3 1
237 238 0.8877 1 3 1 1
238 239 0.8876 1 5 1 1
239 240 0.8761 1 5 1 1
240 241 0.8734 1 5 3 2
241 242 0.8567 1 5 1 1
242 243 0.8398 1 5 1 2
243 244 0.8373 1 1 1 1
244 245 0.8111 1 5 1 1
245 246 0.799 1 3 3 1
246 247 0.7363 1 5 1 2
247 248 0.7354 1 5 1 2
248 249 0.7294 1 3 3 1
249 250 0.7004 1 3 1 1
250 251 0.6882 1 3 3 1
251 252 0.6839 1 3 1 1
252 253 0.6767 1 3 3 1
253 254 0.6748 1 5 1 1
254 255 0.6716 1 1 1 2
255 256 0.66 1 4 3 1
256 257 0.6459 1 3 3 1
257 258 0.6379 1 5 1 2
258 259 0.6268 1 5 3 2
259 260 0.6255 1 5 3 2
260 261 0.6212 1 3 1 2
261 262 0.5876 1 4 3 1
262 263 0.5798 1 4 3 1
263 264 0.5758 1 1 1 2
264 265 0.5685 1 2 1 1
265 266 0.5602 1 5 1 2
266 267 0.556 1 3 1 1
267 268 0.5558 1 5 1 1
268 269 0.5556 1 5 1 1
269 270 0.5533 1 3 1 1
270 271 0.5518 1 1 3 1
271 272 0.5493 1 3 1 1
272 273 0.5463 1 5 3 2
273 274 0.5444 1 3 3 1
274 275 0.5318 1 2 1 1
275 276 0.5307 1 3 1 1
276 277 0.5175 1 6 1 1
277 278 0.4943 1 4 3 1
278 279 0.4921 1 1 1 1
279 280 0.4832 1 3 3 1
280 281 0.4808 1 1 1 1
281 282 0.4774 1 3 1 1
282 283 0.4756 1 2 3 1
283 284 0.4653 1 3 1 1
284 285 0.4506 1 5 1 1
285 286 0.4377 1 6 1 1
286 287 0.4259 1 4 3 1
287 288 0.4132 1 2 3 1
288 289 0.3976 1 4 3 1
289 290 0.3905 1 3 1 1
290 291 0.3904 1 3 3 1
291 292 0.3828 1 1 3 2
292 293 0.3763 1 4 3 2
293 294 0.3759 1 5 1 2
294 295 0.3659 1 5 1 2
295 296 0.3541 1 5 1 2
296 297 0.343 1 4 3 1
297 298 0.3421 1 3 1 1
298 299 0.3392 1 5 1 2
299 300 0.3392 1 5 1 2
300 301 0.3352 1 3 1 2
301 302 0.3289 1 1 1 1
302 303 0.3267 1 6 1 2
303 304 0.3122 1 2 1 1
304 305 0.3117 1 5 1 2
305 306 0.3041 1 4 3 1
306 307 0.3039 1 3 1 1
307 308 0.3028 1 3 1 1
308 309 0.2986 1 5 1 2
309 310 0.2895 1 3 1 1
310 311 0.2878 1 5 1 2
311 312 0.287 1 2 3 1
312 313 0.2828 1 4 3 2
313 314 0.2786 1 5 1 2
314 315 0.2783 1 5 3 2
315 316 0.2773 1 4 3 2
316 317 0.2758 1 1 1 1
317 318 0.2739 1 3 3 1
318 319 0.2738 1 2 3 1
319 320 0.2683 1 2 3 1
320 321 0.265 1 3 3 1
321 322 0.2642 1 5 1 2
322 323 0.2641 1 5 1 2
323 324 0.2638 1 5 1 2
324 325 0.2636 1 4 3 2
325 326 0.26 1 2 3 2
326 327 0.2577 1 2 3 1
327 328 0.2529 1 2 3 1
328 329 0.2506 1 1 1 1
329 330 0.2463 1 3 3 1
330 331 0.2388 1 6 1 2
331 332 0.2352 1 3 3 1
332 333 0.2321 1 2 1 2
333 334 0.2316 1 3 1 2
334 335 0.2294 1 2 1 2
335 336 0.226 1 5 3 2
336 337 0.2252 1 3 1 1
337 338 0.2242 1 5 1 1
338 339 0.2219 1 5 1 2
339 340 0.2214 1 2 1 1
340 341 0.2207 1 2 1 1
341 342 0.2204 1 2 1 1
342 343 0.22 1 5 1 2
343 344 0.2199 1 3 1 2
344 345 0.2191 1 6 1 2
345 346 0.2189 1 2 3 1
346 347 0.2178 1 3 1 2
347 348 0.217 1 4 3 2
348 349 0.216 1 3 3 2
349 350 0.2156 1 4 3 2
350 351 0.2144 1 4 3 2
351 352 0.2092 1 1 1 2
352 353 0.2065 1 3 1 1
353 354 0.2061 1 3 3 1
354 355 0.2056 1 5 1 2
355 356 0.2046 1 2 1 2
356 357 0.2034 1 5 3 2
357 358 0.2028 1 3 3 1
358 359 0.2024 1 2 1 1
359 360 0.1985 1 2 3 1
360 361 0.1979 1 5 1 2
361 362 0.1938 1 5 1 2
362 363 0.1935 1 4 3 1
363 364 0.1893 1 3 3 1
364 365 0.1892 1 3 3 1
365 366 0.1887 1 3 3 1
366 367 0.1875 1 3 1 1
367 368 0.1859 1 2 1 1
368 369 0.1847 1 4 3 2
369 370 0.1842 1 3 1 2
370 371 0.1827 1 2 3 1
371 372 0.1815 1 4 3 2
372 373 0.1792 1 1 1 2
373 374 0.1782 1 3 3 2
374 375 0.1775 1 5 1 2
375 376 0.175 1 5 1 1
376 377 0.1714 1 4 3 2
377 378 0.1681 1 4 3 1
378 379 0.1681 1 5 1 2
379 380 0.1664 1 4 3 2
380 381 0.1661 1 1 3 1
381 382 0.1657 1 2 1 1
382 383 0.1654 1 2 3 1
383 384 0.164 1 3 1 2
384 385 0.1621 1 2 1 1
385 386 0.162 1 4 3 2
386 387 0.1618 1 1 1 2
387 388 0.1611 1 2 1 1
388 389 0.1589 1 2 1 1
389 390 0.1569 1 3 3 2
390 391 0.1555 1 2 1 1
391 392 0.1549 1 2 1 1
392 393 0.1543 1 1 1 1
393 394 0.1541 1 1 1 1
394 395 0.1516 1 3 1 2
395 396 0.1504 1 6 1 2
396 397 0.1503 1 4 3 2
397 398 0.1497 1 5 3 2
398 399 0.1492 1 3 1 1
399 400 0.149 1 1 1 2
400 401 0.1473 1 3 3 2
401 402 0.1472 1 2 1 2
402 403 0.1466 1 2 1 2
403 404 0.1465 1 3 1 2
404 405 0.1436 1 3 1 2
405 406 0.1433 1 5 1 2
406 407 0.1415 1 3 1 2
407 408 0.1412 1 3 1 2
408 409 0.1405 1 2 1 2
409 410 0.1402 1 2 1 1
410 411 0.1401 1 2 3 1
411 412 0.14 1 2 1 1
412 413 0.1399 1 3 1 2
413 414 0.1398 1 5 1 2
414 415 0.1395 1 2 1 1
415 416 0.1392 1 2 1 2
416 417 0.139 1 2 1 1
417 418 0.1379 1 1 1 2
418 419 0.137 1 3 1 2
419 420 0.1352 1 5 1 2
420 421 0.1347 1 3 1 1
421 422 0.1346 1 2 1 2
422 423 0.1344 1 2 1 1
423 424 0.134 1 1 1 1
424 425 0.1337 1 3 1 2
425 426 0.1336 1 4 3 2
426 427 0.133 1 1 1 1
427 428 0.132 1 4 3 2
428 429 0.1319 1 6 1 2
429 430 0.1318 1 3 1 2
430 431 0.1316 1 1 1 1
431 432 0.1307 1 1 1 2
432 433 0.1298 1 3 1 2
433 434 0.127 1 3 1 2
434 435 0.1261 1 2 1 1
435 436 0.1261 1 2 1 1
436 437 0.1239 1 2 1 1
437 438 0.1218 1 2 1 2
438 439 0.1218 1 2 1 2
439 440 0.1212 1 3 1 1
440 441 0.1205 1 3 3 2
441 442 0.1201 1 3 1 2
442 443 0.1191 1 4 3 2
443 444 0.1186 1 3 3 1
444 445 0.1181 1 2 1 1
445 446 0.1177 1 1 1 2
446 447 0.1169 1 1 1 2
447 448 0.1162 1 1 1 1
448 449 0.1121 1 2 1 1
449 450 0.11 1 3 1 2
450 451 0.1079 1 4 3 1
451 452 0.1069 1 1 1 2
452 453 0.1069 1 1 1 1
453 454 0.1067 1 3 1 2
454 455 0.1066 1 3 1 2
455 456 0.1061 1 1 1 1
456 457 0.1048 1 4 3 2
457 458 0.1025 1 2 1 2
458 459 0.1014 1 2 3 1
459 460 0.1006 1 3 1 2
460 461 0.0987 1 1 1 1
461 462 0.0969 1 1 1 1
462 463 0.0966 1 4 3 2
463 464 0.0941 1 2 1 2
464 465 0.0934 1 3 3 2
465 466 0.0929 1 2 1 1
466 467 0.0928 1 2 3 1
467 468 0.0922 1 1 1 2
468 469 0.0921 1 1 1 2
469 470 0.0916 1 2 3 2
470 471 0.0907 1 2 1 1
471 472 0.0903 1 1 1 2
472 473 0.0899 1 3 3 2
473 474 0.0888 1 1 3 1
474 475 0.0882 1 4 3 2
475 476 0.0881 1 2 3 1
476 477 0.0877 1 2 1 1
477 478 0.0873 1 1 3 2
478 479 0.0866 1 1 1 1
479 480 0.0835 1 2 1 2
480 481 0.0827 1 2 1 1
481 482 0.0817 1 2 3 1
482 483 0.0817 1 2 1 1
483 484 0.0812 1 1 1 2
484 485 0.0812 1 2 1 2
485 486 0.0803 1 1 1 2
486 487 0.0799 1 2 3 2
487 488 0.079 1 1 1 1
488 489 0.0784 1 4 3 2
489 490 0.0775 1 2 1 2
490 491 0.0774 1 3 1 1
491 492 0.0765 1 1 1 2
492 493 0.0758 1 3 1 2
493 494 0.0738 1 1 1 1
494 495 0.0732 1 2 1 2
495 496 0.0725 1 3 1 2
496 497 0.0725 1 3 1 2
497 498 0.0723 1 5 1 2
498 499 0.0711 1 1 1 1
499 500 0.0706 1 4 3 2
500 501 0.0705 1 2 1 2
501 502 0.0703 1 3 1 2
502 503 0.0669 1 3 1 2
503 504 0.0667 1 1 1 2
504 505 0.0659 1 1 1 2
505 506 0.0647 1 1 1 1
506 507 0.0634 1 1 1 2
507 508 0.0631 1 1 1 2
508 509 0.0616 1 3 1 2
509 510 0.0613 1 5 1 2
510 511 0.0602 1 4 3 2
511 512 0.0594 1 2 1 2
512 513 0.0592 1 2 1 2
513 514 0.0583 1 2 1 2
514 515 0.0554 1 2 1 1
515 516 0.0553 1 1 1 2
516 517 0.0536 1 3 3 2
517 518 0.053 1 2 1 1
518 519 0.0526 1 1 3 1
519 520 0.0524 1 3 1 2
520 521 0.0503 1 3 3 2
521 522 0.05 1 2 1 2
522 523 0.05 1 5 1 2
523 524 0.0488 1 1 1 2
524 525 0.0478 1 1 1 2
525 526 0.0476 1 2 1 2
526 527 0.047 1 1 3 1
527 528 0.0456 1 4 3 2
528 529 0.0423 1 4 3 2
529 530 0.0419 1 1 1 2
530 531 0.0411 1 6 1 2
531 532 0.041 1 4 3 2
532 533 0.0408 1 1 1 2
533 534 0.0378 1 1 3 2
534 535 0.0375 1 1 1 1
535 536 0.0362 1 2 1 2
536 537 0.0334 1 1 3 1
537 538 0.0319 1 1 1 2
538 539 0.0276 1 1 1 1
539 540 0.0258 1 1 1 2
540 541 0.0239 1 3 1 2
541 542 0.0218 1 4 3 1
542 543 0.019 1 2 1 1
543 544 0.0167 1 6 1 1
544 545 0.0131 1 5 1 1
545 546 14.6 2 10 1 2
546 547 13.3074 2 8 1 2
547 548 11.225 2 10 1 2
548 549 11.1708 2 11 1 2
549 550 10.7293 2 10 1 2
550 551 10.6573 2 12 1 2
551 552 10.6325 2 11 1 2
552 553 10.59 2 11 1 2
553 554 10.4276 2 11 1 2
554 555 10.2038 2 11 1 2
555 556 10.1988 2 10 1 2
556 557 10.1976 2 9 1 2
557 558 10.1789 2 10 1 2
558 559 10.1307 2 11 1 2
559 560 10.1166 2 11 1 2
560 561 10.0938 2 12 1 2
561 562 10.0905 2 11 1 2
562 563 10.0262 2 11 1 2
563 564 9.972 2 11 1 2
564 565 9.93 2 11 1 2
565 566 9.9144 2 8 1 2
566 567 9.7788 2 10 1 2
567 568 9.7327 2 11 1 2
568 569 9.7176 2 12 1 2
569 570 9.7035 2 11 1 2
570 571 9.6587 2 11 1 2
571 572 9.4322 2 11 1 2
572 573 9.3054 2 9 1 2
573 574 9.2767 2 9 1 2
574 575 9.2433 2 10 1 2
575 576 9.1313 2 9 1 2
576 577 9.0969 2 11 1 2
577 578 9.0965 2 10 1 2
578 579 9.0909 2 12 1 2
579 580 9.0322 2 10 1 2
580 581 9.0079 2 10 1 2
581 582 8.9569 2 11 1 2
582 583 8.9543 2 8 1 2
583 584 8.9538 2 10 1 2
584 585 8.9294 2 10 1 2
585 586 8.9104 2 10 1 2
586 587 8.9062 2 1 3 2
587 588 8.8865 2 11 1 2
588 589 8.879 2 8 1 2
589 590 8.8491 2 10 1 2
590 591 8.8315 2 9 1 2
591 592 8.8053 2 9 1 2
592 593 8.8048 2 7 3 2
593 594 8.8013 2 10 1 2
594 595 8.7673 2 9 1 2
595 596 8.7549 2 10 1 2
596 597 8.7542 2 9 1 2
597 598 8.7367 2 9 1 2
598 599 8.7097 2 10 1 2
599 600 8.664 2 11 1 2
600 601 8.6215 2 10 1 2
601 602 8.6 2 11 1 2
602 603 8.5628 2 9 1 2
603 604 8.5152 2 8 1 2
604 605 8.5134 2 9 1 2
605 606 8.4985 2 11 1 2
606 607 8.4758 2 10 1 2
607 608 8.4266 2 11 1 2
608 609 8.4189 2 10 1 2
609 610 8.4173 2 10 1 2
610 611 8.3025 2 9 1 2
611 612 8.2971 2 11 1 2
612 613 8.2877 2 10 1 2
613 614 8.2424 2 10 1 2
614 615 8.2401 2 10 1 2
615 616 8.1204 2 9 1 2
616 617 8.0685 2 10 1 2
617 618 8.0288 2 12 1 2
618 619 8.0225 2 8 1 2
619 620 8.0076 2 11 1 2
620 621 7.945 2 10 1 2
621 622 7.9392 2 10 1 2
622 623 7.9077 2 8 1 2
623 624 7.9034 2 8 1 2
624 625 7.8582 2 8 1 2
625 626 7.8447 2 11 1 2
626 627 7.8097 2 8 1 2
627 628 7.7826 2 9 1 2
628 629 7.7584 2 10 1 2
629 630 7.7181 2 8 1 2
630 631 7.678 2 8 1 2
631 632 7.6166 2 9 1 2
632 633 7.604 2 8 1 2
633 634 7.5614 2 9 1 2
634 635 7.5339 2 10 1 2
635 636 7.5299 2 10 1 2
636 637 7.5255 2 7 3 2
637 638 7.5117 2 4 4 2
638 639 7.5004 2 8 1 2
639 640 7.4852 2 7 3 2
640 641 7.4599 2 8 1 2
641 642 7.4558 2 8 1 2
642 643 7.4291 2 8 1 2
643 644 7.4249 2 9 1 2
644 645 7.4224 2 9 1 2
645 646 7.4135 2 9 1 2
646 647 7.4016 2 11 1 2
647 648 7.3868 2 9 1 2
648 649 7.3199 2 11 1 2
649 650 7.2993 2 10 1 2
650 651 7.2794 2 9 1 2
651 652 7.2709 2 9 1 2
652 653 7.2448 2 8 1 2
653 654 7.1947 2 8 1 2
654 655 7.1582 2 7 3 2
655 656 7.1026 2 11 1 2
656 657 7.0812 2 5 1 2
657 658 7.0273 2 8 1 2
658 659 7.0265 2 7 3 2
659 660 7.0214 2 11 1 2
660 661 6.9979 2 7 3 2
661 662 6.9136 2 5 1 2
662 663 6.9135 2 11 3 2
663 664 6.911 2 4 4 2
664 665 6.9016 2 8 1 2
665 666 6.8942 2 9 1 2
666 667 6.8237 2 8 1 2
667 668 6.7927 2 9 1 2
668 669 6.7219 2 9 1 2
669 670 6.711 2 9 1 2
670 671 6.7063 2 6 1 2
671 672 6.6955 2 8 1 2
672 673 6.6588 2 7 3 2
673 674 6.6495 2 8 1 2
674 675 6.5806 2 6 3 2
675 676 6.5679 2 6 1 2
676 677 6.5431 2 8 3 2
677 678 6.4971 2 8 1 2
678 679 6.4719 2 7 3 2
679 680 6.4449 2 7 3 2
680 681 6.3901 2 7 3 2
681 682 6.383 2 7 3 2
682 683 6.3081 2 8 1 2
683 684 6.3078 2 7 3 2
684 685 6.2636 2 7 3 2
685 686 6.2545 2 6 3 2
686 687 6.2097 2 7 3 2
687 688 6.1898 2 5 1 2
688 689 6.1536 2 4 4 2
689 690 6.152 2 7 3 2
690 691 6.139 2 8 1 2
691 692 6.1292 2 9 1 2
692 693 6.1186 2 6 3 2
693 694 6.0948 2 9 1 2
694 695 6.0284 2 11 1 2
695 696 6.0248 2 7 3 2
696 697 6.0235 2 7 3 2
697 698 6.0143 2 7 3 2
698 699 6.0088 2 7 3 2
699 700 5.9291 2 4 4 2
700 701 5.9063 2 8 3 2
701 702 5.8643 2 7 3 2
702 703 5.8346 2 6 1 2
703 704 5.8089 2 7 3 2
704 705 5.7561 2 8 1 2
705 706 5.7408 2 7 3 2
706 707 5.7189 2 7 3 2
707 708 5.7174 2 7 3 2
708 709 5.6927 2 4 4 2
709 710 5.6646 2 7 3 2
710 711 5.6126 2 7 3 2
711 712 5.5757 2 7 3 2
712 713 5.5693 2 5 1 2
713 714 5.5599 2 11 1 2
714 715 5.5434 2 11 1 2
715 716 5.5 2 9 1 2
716 717 5.485 2 6 3 2
717 718 5.4841 2 4 4 2
718 719 5.4529 2 8 3 2
719 720 5.4476 2 5 1 2
720 721 5.4454 2 7 3 2
721 722 5.4329 2 8 1 2
722 723 5.4161 2 11 1 2
723 724 5.4065 2 5 3 2
724 725 5.3348 2 7 3 2
725 726 5.3312 2 4 4 2
726 727 5.3281 2 6 3 2
727 728 5.32 2 7 3 2
728 729 5.2834 2 7 3 2
729 730 5.282 2 5 1 2
730 731 5.2475 2 6 1 2
731 732 5.2422 2 7 3 2
732 733 5.189 2 5 1 2
733 734 5.1216 2 4 4 2
734 735 5.0929 2 6 1 2
735 736 5.0718 2 4 4 2
736 737 5.0496 2 7 3 2
737 738 5.0368 2 11 1 2
738 739 5.0271 2 4 4 2
739 740 4.9942 2 7 3 2
740 741 4.9345 2 7 3 2
741 742 4.9102 2 4 4 2
742 743 4.9 2 6 1 2
743 744 4.8643 2 7 3 2
744 745 4.8603 2 6 1 2
745 746 4.8378 2 6 1 2
746 747 4.7322 2 4 4 2
747 748 4.7244 2 7 3 2
748 749 4.7208 2 4 4 2
749 750 4.6941 2 6 3 2
750 751 4.6708 2 4 4 2
751 752 4.6544 2 4 4 2
752 753 4.5635 2 4 4 2
753 754 4.5419 2 5 1 2
754 755 4.437 2 6 1 2
755 756 4.4284 2 7 3 2
756 757 4.4048 2 7 3 2
757 758 4.3976 2 5 1 2
758 759 4.347 2 5 1 2
759 760 4.3077 2 5 1 2
760 761 4.2684 2 4 4 2
761 762 4.2373 2 5 1 2
762 763 4.2144 2 10 1 1
763 764 4.2037 2 6 1 2
764 765 4.1906 2 11 1 1
765 766 4.128 2 6 1 2
766 767 4.0954 2 5 3 2
767 768 4.0436 2 6 1 2
768 769 3.9318 2 4 4 2
769 770 3.8958 2 6 3 2
770 771 3.8598 2 11 1 1
771 772 3.8577 2 6 1 2
772 773 3.804 2 9 1 1
773 774 3.7853 2 4 4 2
774 775 3.7213 2 4 4 2
775 776 3.5885 2 4 4 2
776 777 3.5856 2 6 3 2
777 778 3.5826 2 8 1 1
778 779 3.5465 2 6 3 2
779 780 3.5327 2 5 1 2
780 781 3.4815 2 5 1 2
781 782 3.4803 2 6 3 2
782 783 3.4779 2 4 4 2
783 784 3.4387 2 6 1 2
784 785 3.3895 2 8 1 1
785 786 3.3839 2 8 1 1
786 787 3.3324 2 8 1 1
787 788 3.2799 2 6 1 1
788 789 3.2536 2 4 1 1
789 790 3.2492 2 6 1 1
790 791 3.2383 2 6 1 1
791 792 3.2333 2 8 1 1
792 793 3.2161 2 11 1 1
793 794 3.1991 2 8 1 1
794 795 3.1264 2 5 1 1
795 796 3.1242 2 11 1 1
796 797 3.1201 2 5 1 2
797 798 3.0638 2 4 1 2
798 799 3.0116 2 10 1 1
799 800 2.9792 2 8 1 1
800 801 2.9623 2 6 1 2
801 802 2.9531 2 6 1 1
802 803 2.9504 2 8 1 1
803 804 2.9428 2 5 1 2
804 805 2.8932 2 6 1 1
805 806 2.893 2 5 1 2
806 807 2.8892 2 6 1 1
807 808 2.865 2 6 1 1
808 809 2.8257 2 7 3 1
809 810 2.8067 2 6 1 1
810 811 2.7965 2 8 1 1
811 812 2.7759 2 5 1 2
812 813 2.7649 2 5 1 1
813 814 2.7588 2 5 1 1
814 815 2.7189 2 8 1 1
815 816 2.7134 2 11 1 1
816 817 2.7084 2 6 1 1
817 818 2.7035 2 4 1 1
818 819 2.7023 2 5 3 1
819 820 2.6864 2 6 3 1
820 821 2.6559 2 4 3 1
821 822 2.6494 2 6 1 1
822 823 2.6463 2 8 1 1
823 824 2.6269 2 5 1 1
824 825 2.6265 2 10 1 1
825 826 2.603 2 7 3 1
826 827 2.5842 2 9 1 1
827 828 2.569 2 12 1 1
828 829 2.568 2 8 1 1
829 830 2.555 2 8 1 1
830 831 2.5483 2 5 1 2
831 832 2.5396 2 9 1 1
832 833 2.521 2 5 1 2
833 834 2.502 2 11 1 1
834 835 2.496 2 7 3 1
835 836 2.4848 2 5 1 1
836 837 2.4796 2 10 1 1
837 838 2.4732 2 7 3 1
838 839 2.4703 2 6 1 1
839 840 2.4701 2 6 3 2
840 841 2.436 2 4 1 1
841 842 2.4307 2 5 1 2
842 843 2.4254 2 12 1 1
843 844 2.4221 2 6 1 1
844 845 2.4193 2 4 3 1
845 846 2.4151 2 4 3 1
846 847 2.4094 2 2 1 1
847 848 2.409 2 6 1 1
848 849 2.4 2 7 3 1
849 850 2.4 2 4 1 1
850 851 2.3826 2 9 1 1
851 852 2.3697 2 10 1 1
852 853 2.3689 2 5 1 1
853 854 2.3632 2 5 3 1
854 855 2.3571 2 7 3 1
855 856 2.3504 2 10 1 1
856 857 2.3484 2 7 3 2
857 858 2.3468 2 9 1 1
858 859 2.3456 2 9 3 1
859 860 2.3423 2 7 3 1
860 861 2.3414 2 6 1 1
861 862 2.329 2 8 1 1
862 863 2.3209 2 4 1 1
863 864 2.3194 2 7 3 1
864 865 2.319 2 4 4 1
865 866 2.3173 2 4 4 2
866 867 2.3154 2 4 4 1
867 868 2.3117 2 10 1 2
868 869 2.2992 2 6 3 1
869 870 2.29 2 5 1 1
870 871 2.289 2 6 3 1
871 872 2.2888 2 5 1 1
872 873 2.2852 2 7 3 1
873 874 2.2779 2 4 1 1
874 875 2.272 2 10 1 1
875 876 2.2706 2 5 1 1
876 877 2.2665 2 6 1 2
877 878 2.255 2 5 1 1
878 879 2.252 2 10 1 1
879 880 2.251 2 7 3 1
880 881 2.2506 2 5 1 2
881 882 2.2494 2 5 1 1
882 883 2.2451 2 4 4 1
883 884 2.2393 2 4 4 1
884 885 2.2375 2 11 1 2
885 886 2.2339 2 6 3 1
886 887 2.2302 2 5 1 1
887 888 2.2302 2 6 3 1
888 889 2.2294 2 6 1 2
889 890 2.2184 2 4 3 1
890 891 2.2135 2 6 3 1
891 892 2.2048 2 12 1 1
892 893 2.1835 2 10 1 1
893 894 2.1727 2 6 3 1
894 895 2.1721 2 4 4 1
895 896 2.1643 2 4 4 2
896 897 2.1564 2 5 3 1
897 898 2.1554 2 7 3 1
898 899 2.1478 2 4 2 1
899 900 2.1454 2 5 1 1
900 901 2.1439 2 11 1 1
901 902 2.1304 2 7 3 1
902 903 2.1282 2 10 1 1
903 904 2.1271 2 1 1 1
904 905 2.1256 2 4 4 2
905 906 2.1238 2 6 1 1
906 907 2.1196 2 11 1 1
907 908 2.1129 2 7 3 1
908 909 2.1115 2 6 3 2
909 910 2.1114 2 5 1 1
910 911 2.1047 2 6 1 1
911 912 2.1038 2 7 3 1
912 913 2.0966 2 7 3 1
913 914 2.0756 2 9 1 1
914 915 2.0749 2 8 1 1
915 916 2.0739 2 4 1 1
916 917 2.0737 2 11 1 1
917 918 2.0617 2 7 3 1
918 919 2.0602 2 6 3 1
919 920 2.0575 2 8 1 1
920 921 2.0431 2 8 1 1
921 922 2.0397 2 6 1 1
922 923 2.0371 2 4 1 1
923 924 2.0327 2 5 1 1
924 925 2.0273 2 7 3 1
925 926 2.0221 2 5 1 1
926 927 2.0191 2 10 1 1
927 928 2.0055 2 9 1 1
928 929 1.9916 2 5 3 1
929 930 1.9895 2 5 1 1
930 931 1.9881 2 12 1 1
931 932 1.9869 2 10 1 1
932 933 1.9832 2 7 3 1
933 934 1.9804 2 6 3 1
934 935 1.9753 2 8 1 1
935 936 1.9749 2 3 3 1
936 937 1.9736 2 4 3 1
937 938 1.9686 2 7 3 1
938 939 1.9477 2 5 3 1
939 940 1.9355 2 5 3 1
940 941 1.9303 2 4 4 1
941 942 1.9168 2 6 1 2
942 943 1.9115 2 7 3 1
943 944 1.9009 2 5 3 1
944 945 1.8922 2 7 3 1
945 946 1.8892 2 10 1 1
946 947 1.8816 2 8 3 1
947 948 1.8812 2 8 1 1
948 949 1.8762 2 4 4 1
949 950 1.8723 2 9 1 1
950 951 1.8715 2 10 1 1
951 952 1.8639 2 5 3 1
952 953 1.8637 2 8 1 1
953 954 1.858 2 3 3 1
954 955 1.8573 2 8 1 1
955 956 1.8508 2 11 1 1
956 957 1.8493 2 12 1 1
957 958 1.8493 2 4 3 1
958 959 1.849 2 4 3 1
959 960 1.8437 2 4 2 1
960 961 1.8413 2 7 3 1
961 962 1.841 2 6 1 2
962 963 1.8365 2 12 1 1
963 964 1.8358 2 5 3 2
964 965 1.8265 2 1 3 1
965 966 1.8201 2 6 3 1
966 967 1.8173 2 6 1 1
967 968 1.8169 2 7 3 1
968 969 1.8149 2 7 3 1
969 970 1.8121 2 9 1 1
970 971 1.8105 2 5 1 1
971 972 1.8052 2 12 1 1
972 973 1.8042 2 7 3 1
973 974 1.7939 2 7 3 1
974 975 1.7916 2 2 1 1
975 976 1.783 2 6 1 2
976 977 1.7814 2 9 1 1
977 978 1.7798 2 9 1 1
978 979 1.7679 2 10 1 1
979 980 1.7654 2 6 1 1
980 981 1.7638 2 11 1 1
981 982 1.7584 2 7 3 1
982 983 1.7573 2 8 1 1
983 984 1.7569 2 5 3 1
984 985 1.7565 2 9 1 1
985 986 1.7509 2 10 1 1
986 987 1.7441 2 3 2 1
987 988 1.7403 2 12 3 1
988 989 1.7374 2 4 1 1
989 990 1.7279 2 5 1 1
990 991 1.725 2 8 1 1
991 992 1.7231 2 8 1 1
992 993 1.7095 2 4 1 1
993 994 1.7088 2 4 2 1
994 995 1.6981 2 5 1 1
995 996 1.6972 2 5 1 1
996 997 1.6887 2 4 2 1
997 998 1.6842 2 4 3 1
998 999 1.6798 2 10 1 1
999 1000 1.6773 2 7 3 1
1000 1001 1.6757 2 6 3 1
1001 1002 1.6756 2 4 2 1
1002 1003 1.6677 2 4 3 1
1003 1004 1.6665 2 10 1 1
1004 1005 1.6569 2 9 1 1
1005 1006 1.647 2 6 3 1
1006 1007 1.6434 2 6 3 2
1007 1008 1.6369 2 6 3 1
1008 1009 1.6362 2 4 3 1
1009 1010 1.6339 2 8 1 1
1010 1011 1.6271 2 4 3 1
1011 1012 1.6181 2 4 3 1
1012 1013 1.6029 2 4 3 1
1013 1014 1.6019 2 8 1 1
1014 1015 1.598 2 10 1 1
1015 1016 1.5924 2 3 2 1
1016 1017 1.5875 2 7 3 1
1017 1018 1.5849 2 3 3 1
1018 1019 1.5675 2 5 3 1
1019 1020 1.5648 2 8 1 1
1020 1021 1.5648 2 4 3 1
1021 1022 1.5572 2 4 4 1
1022 1023 1.5565 2 10 1 1
1023 1024 1.556 2 4 3 1
1024 1025 1.5558 2 8 1 1
1025 1026 1.5537 2 10 1 1
1026 1027 1.5511 2 4 2 1
1027 1028 1.5495 2 11 1 1
1028 1029 1.5489 2 7 3 1
1029 1030 1.5076 2 6 1 1
1030 1031 1.5064 2 4 1 1
1031 1032 1.496 2 1 1 1
1032 1033 1.4882 2 5 1 1
1033 1034 1.4822 2 7 3 1
1034 1035 1.4806 2 5 1 2
1035 1036 1.4774 2 6 1 1
1036 1037 1.4619 2 11 1 1
1037 1038 1.4616 2 4 4 1
1038 1039 1.4599 2 5 1 1
1039 1040 1.4595 2 9 1 1
1040 1041 1.4593 2 5 1 1
1041 1042 1.4565 2 9 1 1
1042 1043 1.4526 2 4 3 1
1043 1044 1.4433 2 8 1 1
1044 1045 1.4415 2 6 3 1
1045 1046 1.4373 2 6 1 2
1046 1047 1.436 2 4 3 1
1047 1048 1.4353 2 5 1 1
1048 1049 1.4274 2 8 1 2
1049 1050 1.4265 2 4 4 1
1050 1051 1.425 2 7 3 1
1051 1052 1.4226 2 6 1 1
1052 1053 1.4199 2 6 3 1
1053 1054 1.4111 2 4 1 1
1054 1055 1.4027 2 4 2 1
1055 1056 1.378 2 9 1 1
1056 1057 1.3639 2 4 1 1
1057 1058 1.356 2 9 1 1
1058 1059 1.354 2 3 3 1
1059 1060 1.3431 2 1 3 1
1060 1061 1.3344 2 4 2 1
1061 1062 1.3344 2 6 3 1
1062 1063 1.3301 2 6 1 2
1063 1064 1.3296 2 8 3 1
1064 1065 1.3225 2 4 1 1
1065 1066 1.317 2 10 1 1
1066 1067 1.3024 2 6 3 1
1067 1068 1.2938 2 4 3 1
1068 1069 1.2921 2 6 3 1
1069 1070 1.2878 2 3 3 1
1070 1071 1.2746 2 9 1 1
1071 1072 1.274 2 11 1 1
1072 1073 1.2738 2 4 1 1
1073 1074 1.2643 2 9 1 1
1074 1075 1.2627 2 9 1 1
1075 1076 1.2578 2 10 1 1
1076 1077 1.2577 2 10 1 1
1077 1078 1.2571 2 4 2 1
1078 1079 1.2553 2 4 4 1
1079 1080 1.2548 2 4 2 1
1080 1081 1.245 2 4 2 1
1081 1082 1.2433 2 11 1 1
1082 1083 1.2388 2 4 4 2
1083 1084 1.2372 2 9 3 1
1084 1085 1.2295 2 9 1 1
1085 1086 1.2277 2 9 1 1
1086 1087 1.2256 2 2 1 1
1087 1088 1.2184 2 9 1 1
1088 1089 1.216 2 4 4 1
1089 1090 1.2039 2 4 4 1
1090 1091 1.2014 2 10 1 1
1091 1092 1.1938 2 4 1 1
1092 1093 1.1826 2 2 1 1
1093 1094 1.1799 2 2 3 1
1094 1095 1.1797 2 4 4 1
1095 1096 1.1776 2 6 1 1
1096 1097 1.1711 2 3 2 1
1097 1098 1.1705 2 9 1 1
1098 1099 1.1677 2 6 3 1
1099 1100 1.1673 2 6 3 1
1100 1101 1.1665 2 4 2 1
1101 1102 1.1631 2 6 3 1
1102 1103 1.1624 2 10 1 1
1103 1104 1.155 2 11 1 1
1104 1105 1.1547 2 4 4 1
1105 1106 1.1529 2 11 1 1
1106 1107 1.1433 2 7 3 1
1107 1108 1.1393 2 4 2 1
1108 1109 1.1351 2 3 3 1
1109 1110 1.1335 2 7 3 1
1110 1111 1.1237 2 11 1 1
1111 1112 1.1199 2 4 3 1
1112 1113 1.1186 2 11 1 1
1113 1114 1.1177 2 12 3 1
1114 1115 1.1131 2 6 1 2
1115 1116 1.1111 2 3 2 1
1116 1117 1.1053 2 3 2 1
1117 1118 1.1043 2 7 3 1
1118 1119 1.103 2 4 4 1
1119 1120 1.0943 2 9 1 1
1120 1121 1.0943 2 4 2 1
1121 1122 1.0929 2 10 1 1
1122 1123 1.0818 2 6 1 1
1123 1124 1.0801 2 11 1 1
1124 1125 1.0789 2 5 3 1
1125 1126 1.0759 2 2 1 1
1126 1127 1.0759 2 4 4 1
1127 1128 1.0696 2 4 1 1
1128 1129 1.064 2 3 3 1
1129 1130 1.0596 2 10 1 1
1130 1131 1.0578 2 4 3 1
1131 1132 1.0506 2 4 3 2
1132 1133 1.0487 2 12 3 1
1133 1134 1.0471 2 4 4 1
1134 1135 1.0435 2 3 2 1
1135 1136 1.0383 2 6 3 1
1136 1137 1.0367 2 4 1 1
1137 1138 1.0294 2 6 1 2
1138 1139 1.0289 2 4 1 1
1139 1140 1.0276 2 6 3 1
1140 1141 1.0243 2 11 1 1
1141 1142 1.0235 2 5 1 1
1142 1143 1.0145 2 11 1 1
1143 1144 1.013 2 9 1 1
1144 1145 1.011 2 4 4 1
1145 1146 1.0107 2 11 1 1
1146 1147 1.0088 2 5 1 2
1147 1148 0.9991 2 10 1 1
1148 1149 0.9986 2 6 1 1
1149 1150 0.9977 2 12 3 1
1150 1151 0.992 2 6 1 2
1151 1152 0.9918 2 3 3 1
1152 1153 0.9915 2 5 1 2
1153 1154 0.9908 2 9 1 1
1154 1155 0.9846 2 4 2 1
1155 1156 0.9758 2 4 2 1
1156 1157 0.962 2 2 1 1
1157 1158 0.9583 2 10 1 1
1158 1159 0.9526 2 4 4 1
1159 1160 0.9499 2 4 3 1
1160 1161 0.9294 2 4 2 1
1161 1162 0.9201 2 5 3 1
1162 1163 0.9166 2 1 3 1
1163 1164 0.9153 2 3 2 1
1164 1165 0.8961 2 4 4 1
1165 1166 0.8961 2 5 1 2
1166 1167 0.8584 2 6 1 1
1167 1168 0.841 2 3 3 1
1168 1169 0.8253 2 6 3 2
1169 1170 0.8204 2 3 2 1
1170 1171 0.8064 2 3 2 1
1171 1172 0.7983 2 11 1 1
1172 1173 0.7933 2 9 1 1
1173 1174 0.7722 2 3 3 1
1174 1175 0.7632 2 4 4 1
1175 1176 0.7569 2 9 1 1
1176 1177 0.7479 2 11 1 1
1177 1178 0.745 2 8 3 1
1178 1179 0.7442 2 5 1 2
1179 1180 0.7414 2 3 3 1
1180 1181 0.7256 2 9 1 1
1181 1182 0.7246 2 3 2 1
1182 1183 0.7237 2 6 1 1
1183 1184 0.706 2 10 1 2
1184 1185 0.7031 2 11 1 1
1185 1186 0.7012 2 11 1 1
1186 1187 0.6856 2 3 2 1
1187 1188 0.6775 2 1 3 1
1188 1189 0.6741 2 3 3 1
1189 1190 0.6481 2 5 1 2
1190 1191 0.6469 2 4 3 1
1191 1192 0.6398 2 5 1 2
1192 1193 0.6319 2 4 2 1
1193 1194 0.6051 2 4 2 1
1194 1195 0.5946 2 6 1 2
1195 1196 0.59 2 1 3 1
1196 1197 0.5779 2 2 1 1
1197 1198 0.5617 2 5 3 2
1198 1199 0.5579 2 4 4 2
1199 1200 0.5571 2 3 2 1
1200 1201 0.5507 2 4 1 1
1201 1202 0.5198 2 11 1 1
1202 1203 0.4952 2 11 1 1
1203 1204 0.4789 2 4 2 1
1204 1205 0.4755 2 1 3 1
1205 1206 0.4654 2 11 1 1
1206 1207 0.4619 2 2 1 1
1207 1208 0.4525 2 2 1 1
1208 1209 0.4449 2 4 1 2
1209 1210 0.444 2 4 3 1
1210 1211 0.4333 2 4 1 1
1211 1212 0.4325 2 6 1 2
1212 1213 0.4323 2 3 2 1
1213 1214 0.4299 2 3 3 1
1214 1215 0.4282 2 4 1 1
1215 1216 0.4234 2 1 3 1
1216 1217 0.4078 2 2 1 2
1217 1218 0.4056 2 2 1 1
1218 1219 0.3999 2 11 1 1
1219 1220 0.3977 2 5 3 2
1220 1221 0.397 2 12 1 1
1221 1222 0.3957 2 4 1 1
1222 1223 0.3948 2 1 3 1
1223 1224 0.3879 2 4 3 1
1224 1225 0.3872 2 4 2 1
1225 1226 0.3858 2 4 2 1
1226 1227 0.3855 2 4 2 1
1227 1228 0.3842 2 6 3 2
1228 1229 0.3797 2 2 1 2
1229 1230 0.3643 2 6 1 2
1230 1231 0.3642 2 4 3 2
1231 1232 0.3641 2 5 1 2
1232 1233 0.3628 2 4 3 2
1233 1234 0.3584 2 3 2 1
1234 1235 0.3551 2 4 2 2
1235 1236 0.3417 2 3 2 2
1236 1237 0.3313 2 4 1 2
1237 1238 0.3307 2 2 1 1
1238 1239 0.3081 2 4 2 2
1239 1240 0.3079 2 12 1 1
1240 1241 0.3067 2 4 1 1
1241 1242 0.3028 2 4 2 2
1242 1243 0.296 2 4 3 2
1243 1244 0.2952 2 4 3 2
1244 1245 0.2948 2 6 1 2
1245 1246 0.2937 2 4 3 2
1246 1247 0.2883 2 3 3 1
1247 1248 0.2853 2 4 2 1
1248 1249 0.2812 2 4 2 2
1249 1250 0.2807 2 4 1 1
1250 1251 0.2788 2 3 2 2
1251 1252 0.2775 2 4 1 2
1252 1253 0.2771 2 7 3 2
1253 1254 0.2691 2 4 2 2
1254 1255 0.2678 2 4 1 2
1255 1256 0.2566 2 3 2 2
1256 1257 0.2561 2 6 1 2
1257 1258 0.2557 2 4 3 2
1258 1259 0.2491 2 4 3 2
1259 1260 0.2484 2 2 1 1
1260 1261 0.247 2 3 2 2
1261 1262 0.2464 2 11 1 1
1262 1263 0.2445 2 4 2 2
1263 1264 0.2418 2 4 1 2
1264 1265 0.2389 2 3 2 2
1265 1266 0.237 2 4 3 2
1266 1267 0.2333 2 3 2 2
1267 1268 0.2327 2 3 2 1
1268 1269 0.2319 2 4 3 2
1269 1270 0.2306 2 1 1 1
1270 1271 0.2304 2 2 1 1
1271 1272 0.228 2 3 2 2
1272 1273 0.2267 2 3 2 2
1273 1274 0.2231 2 2 1 1
1274 1275 0.2229 2 3 2 2
1275 1276 0.222 2 4 3 2
1276 1277 0.2209 2 4 1 2
1277 1278 0.2163 2 2 1 1
1278 1279 0.2156 2 1 1 2
1279 1280 0.2154 2 4 1 2
1280 1281 0.2153 2 4 3 1
1281 1282 0.2151 2 10 1 2
1282 1283 0.2139 2 4 3 2
1283 1284 0.2124 2 4 3 1
1284 1285 0.2121 2 4 2 2
1285 1286 0.2089 2 1 1 1
1286 1287 0.2088 2 1 1 2
1287 1288 0.2059 2 3 2 2
1288 1289 0.2041 2 4 2 2
1289 1290 0.2033 2 4 1 2
1290 1291 0.2018 2 3 2 2
1291 1292 0.2002 2 2 1 1
1292 1293 0.2 2 2 1 1
1293 1294 0.1984 2 4 1 2
1294 1295 0.1975 2 1 1 1
1295 1296 0.1968 2 3 2 1
1296 1297 0.1967 2 1 1 1
1297 1298 0.1955 2 4 1 1
1298 1299 0.1934 2 4 2 2
1299 1300 0.1915 2 4 3 1
1300 1301 0.1912 2 4 2 1
1301 1302 0.1906 2 1 1 1
1302 1303 0.1898 2 4 1 2
1303 1304 0.1873 2 4 1 2
1304 1305 0.187 2 4 1 2
1305 1306 0.1869 2 2 1 2
1306 1307 0.1865 2 3 2 1
1307 1308 0.1853 2 3 2 1
1308 1309 0.1848 2 4 2 2
1309 1310 0.1841 2 4 1 2
1310 1311 0.1813 2 10 1 1
1311 1312 0.1811 2 4 3 2
1312 1313 0.1809 2 4 3 1
1313 1314 0.1805 2 4 1 2
1314 1315 0.1796 2 4 1 2
1315 1316 0.1782 2 4 3 2
1316 1317 0.1775 2 3 2 1
1317 1318 0.1755 2 4 1 2
1318 1319 0.175 2 12 1 1
1319 1320 0.1735 2 4 2 2
1320 1321 0.1723 2 4 2 1
1321 1322 0.172 2 4 3 2
1322 1323 0.1717 2 12 1 1
1323 1324 0.1708 2 2 1 2
1324 1325 0.1695 2 3 2 1
1325 1326 0.1682 2 1 1 2
1326 1327 0.1679 2 2 1 2
1327 1328 0.1658 2 4 1 2
1328 1329 0.1639 2 2 1 2
1329 1330 0.1633 2 2 1 1
1330 1331 0.163 2 2 1 2
1331 1332 0.1628 2 4 2 2
1332 1333 0.1608 2 4 2 2
1333 1334 0.1607 2 2 1 1
1334 1335 0.1602 2 1 1 1
1335 1336 0.1593 2 4 2 2
1336 1337 0.1564 2 4 2 1
1337 1338 0.1563 2 4 1 2
1338 1339 0.1562 2 12 1 1
1339 1340 0.1561 2 3 2 2
1340 1341 0.155 2 4 2 2
1341 1342 0.1522 2 1 1 1
1342 1343 0.1511 2 3 2 1
1343 1344 0.1495 2 2 1 2
1344 1345 0.1495 2 4 3 2
1345 1346 0.1489 2 4 2 2
1346 1347 0.1489 2 4 3 2
1347 1348 0.1481 2 3 2 1
1348 1349 0.1439 2 1 3 1
1349 1350 0.1406 2 3 2 1
1350 1351 0.14 2 4 3 2
1351 1352 0.1396 2 4 2 2
1352 1353 0.1393 2 4 2 1
1353 1354 0.1392 2 1 1 1
1354 1355 0.1383 2 2 1 2
1355 1356 0.1374 2 1 1 1
1356 1357 0.1367 2 12 1 1
1357 1358 0.1367 2 4 3 2
1358 1359 0.1365 2 4 3 2
1359 1360 0.1359 2 3 2 1
1360 1361 0.1356 2 4 3 2
1361 1362 0.1351 2 3 2 2
1362 1363 0.1349 2 4 1 2
1363 1364 0.1341 2 4 3 1
1364 1365 0.129 2 12 1 1
1365 1366 0.1282 2 1 1 1
1366 1367 0.1274 2 4 2 2
1367 1368 0.1258 2 1 1 1
1368 1369 0.1255 2 1 1 1
1369 1370 0.1251 2 3 2 1
1370 1371 0.1244 2 12 1 1
1371 1372 0.124 2 1 1 1
1372 1373 0.123 2 4 3 2
1373 1374 0.12 2 2 1 1
1374 1375 0.12 2 4 3 2
1375 1376 0.1197 2 1 1 1
1376 1377 0.119 2 4 1 2
1377 1378 0.1179 2 12 1 1
1378 1379 0.1178 2 3 2 2
1379 1380 0.1176 2 1 1 1
1380 1381 0.1145 2 1 1 2
1381 1382 0.114 2 2 1 2
1382 1383 0.1138 2 2 1 1
1383 1384 0.1137 2 12 1 2
1384 1385 0.1135 2 2 1 2
1385 1386 0.1121 2 10 1 2
1386 1387 0.1107 2 2 1 2
1387 1388 0.1106 2 2 1 2
1388 1389 0.1097 2 2 1 1
1389 1390 0.108 2 12 1 1
1390 1391 0.1076 2 4 3 2
1391 1392 0.1075 2 1 1 1
1392 1393 0.1073 2 1 1 1
1393 1394 0.1061 2 3 2 2
1394 1395 0.1056 2 3 2 2
1395 1396 0.1049 2 1 1 2
1396 1397 0.1038 2 1 1 1
1397 1398 0.1036 2 3 2 2
1398 1399 0.1034 2 2 1 2
1399 1400 0.1032 2 3 2 1
1400 1401 0.1028 2 1 1 1
1401 1402 0.1025 2 4 3 2
1402 1403 0.1024 2 4 1 2
1403 1404 0.1015 2 1 1 2
1404 1405 0.1015 2 2 1 2
1405 1406 0.1011 2 1 1 2
1406 1407 0.1009 2 2 1 1
1407 1408 0.1009 2 3 2 2
1408 1409 0.1006 2 3 2 2
1409 1410 0.1 2 1 1 2
1410 1411 0.0998 2 2 1 2
1411 1412 0.0996 2 2 1 2
1412 1413 0.0987 2 7 3 1
1413 1414 0.097 2 12 1 1
1414 1415 0.0969 2 4 2 2
1415 1416 0.0966 2 2 1 2
1416 1417 0.0962 2 1 1 1
1417 1418 0.0952 2 12 1 2
1418 1419 0.095 2 4 2 1
1419 1420 0.0948 2 2 1 1
1420 1421 0.0945 2 4 3 2
1421 1422 0.0943 2 2 1 1
1422 1423 0.0938 2 3 2 2
1423 1424 0.0934 2 3 2 1
1424 1425 0.0932 2 2 1 2
1425 1426 0.0927 2 2 1 2
1426 1427 0.0914 2 12 1 1
1427 1428 0.0897 2 1 1 2
1428 1429 0.0893 2 3 2 2
1429 1430 0.089 2 12 1 1
1430 1431 0.089 2 1 1 1
1431 1432 0.0884 2 3 2 1
1432 1433 0.0881 2 12 1 1
1433 1434 0.088 2 4 2 2
1434 1435 0.0879 2 3 3 1
1435 1436 0.0874 2 2 1 1
1436 1437 0.0859 2 12 1 1
1437 1438 0.0855 2 1 1 1
1438 1439 0.0833 2 1 1 1
1439 1440 0.0812 2 1 1 1
1440 1441 0.081 2 12 1 1
1441 1442 0.0807 2 10 1 1
1442 1443 0.0807 2 12 1 1
1443 1444 0.0806 2 2 1 2
1444 1445 0.0804 2 6 1 2
1445 1446 0.0802 2 3 2 2
1446 1447 0.0794 2 2 1 2
1447 1448 0.0789 2 2 1 2
1448 1449 0.0777 2 2 1 1
1449 1450 0.0759 2 12 1 1
1450 1451 0.073 2 2 1 1
1451 1452 0.0711 2 2 1 1
1452 1453 0.0707 2 1 1 1
1453 1454 0.0704 2 3 2 2
1454 1455 0.0693 2 1 1 2
1455 1456 0.0688 2 12 1 1
1456 1457 0.068 2 1 1 2
1457 1458 0.0665 2 1 1 2
1458 1459 0.0649 2 2 1 2
1459 1460 0.0647 2 3 2 2
1460 1461 0.0639 2 12 1 1
1461 1462 0.0613 2 2 1 2
1462 1463 0.0608 2 1 1 2
1463 1464 0.0607 2 2 1 2
1464 1465 0.0602 2 4 3 2
1465 1466 0.0597 2 1 1 2
1466 1467 0.0592 2 1 1 2
1467 1468 0.0591 2 2 1 2
1468 1469 0.0585 2 4 3 2
1469 1470 0.0583 2 11 1 1
1470 1471 0.0572 2 2 1 2
1471 1472 0.0571 2 4 1 2
1472 1473 0.0563 2 12 1 2
1473 1474 0.0556 2 12 1 2
1474 1475 0.0546 2 12 1 1
1475 1476 0.0543 2 12 1 2
1476 1477 0.054 2 2 1 1
1477 1478 0.0519 2 2 1 1
1478 1479 0.0511 2 1 1 1
1479 1480 0.05 2 1 1 2
1480 1481 0.0497 2 12 1 1
1481 1482 0.0462 2 1 1 2
1482 1483 0.0458 2 4 1 2
1483 1484 0.0457 2 4 3 2
1484 1485 0.0456 2 12 1 1
1485 1486 0.0451 2 10 1 1
1486 1487 0.0427 2 1 1 1
1487 1488 0.0423 2 3 2 2
1488 1489 0.0422 2 1 1 2
1489 1490 0.0422 2 2 1 1
1490 1491 0.0409 2 12 1 1
1491 1492 0.0395 2 12 1 2
1492 1493 0.0394 2 12 1 2
1493 1494 0.0381 2 1 1 2
1494 1495 0.0372 2 1 1 2
1495 1496 0.0364 2 12 1 2
1496 1497 0.0356 2 2 1 1
1497 1498 0.0333 2 3 2 2
1498 1499 0.0327 2 11 1 1
1499 1500 0.0321 2 12 1 2
1500 1501 0.0314 2 4 1 2
1501 1502 0.0311 2 1 1 1
1502 1503 0.0309 2 12 1 2
1503 1504 0.0297 2 10 1 2
1504 1505 0.0279 2 1 1 1
1505 1506 0.0275 2 2 1 1
1506 1507 0.0273 2 1 1 1
1507 1508 0.0271 2 12 1 1
1508 1509 0.0233 2 12 1 2
1509 1510 0.023 2 2 1 1
1510 1511 0.0224 2 12 1 2
1511 1512 0.0222 2 2 1 2
1512 1513 0.0208 2 12 1 2
1513 1514 0.0198 2 2 1 1
1514 1515 0.0188 2 1 1 1
1515 1516 0.0184 2 2 1 2
1516 1517 0.0157 2 4 3 1
1517 1518 0.0156 2 11 1 1
1518 1519 0.0072 2 8 1 1
1519 1520 11.8655 3 11 1 2
1520 1521 10.8036 3 11 1 2
1521 1522 10.5197 3 11 1 2
1522 1523 10.4744 3 11 1 2
1523 1524 10.4206 3 11 1 2
1524 1525 10.4004 3 11 1 2
1525 1526 9.9147 3 11 1 2
1526 1527 9.8713 3 9 1 2
1527 1528 9.7152 3 10 1 2
1528 1529 9.6634 3 9 1 2
1529 1530 9.6302 3 11 1 2
1530 1531 9.5052 3 10 1 2
1531 1532 9.3829 3 11 1 2
1532 1533 9.3296 3 12 1 2
1533 1534 9.1063 3 9 1 2
1534 1535 9.094 3 9 1 2
1535 1536 9.0897 3 11 1 2
1536 1537 8.9651 3 8 1 2
1537 1538 8.8874 3 10 1 2
1538 1539 8.8838 3 9 1 2
1539 1540 8.876 3 10 1 2
1540 1541 8.6989 3 9 1 2
1541 1542 8.4791 3 9 1 2
1542 1543 8.4008 3 9 1 2
1543 1544 8.3443 3 9 1 2
1544 1545 8.228 3 10 1 2
1545 1546 8.2263 3 2 1 2
1546 1547 8.2116 3 8 1 2
1547 1548 8.1521 3 11 1 2
1548 1549 8.1336 3 8 1 2
1549 1550 8.1332 3 8 1 2
1550 1551 8.1253 3 11 1 2
1551 1552 8.1211 3 8 1 2
1552 1553 8.0786 3 8 1 2
1553 1554 8.0647 3 8 1 2
1554 1555 8.05 3 9 1 2
1555 1556 8 3 9 1 2
1556 1557 7.9831 3 9 3 2
1557 1558 7.9423 3 11 1 2
1558 1559 7.9089 3 8 1 2
1559 1560 7.8565 3 9 3 2
1560 1561 7.8438 3 9 1 2
1561 1562 7.8081 3 7 1 2
1562 1563 7.8 3 11 1 2
1563 1564 7.7358 3 9 1 2
1564 1565 7.6918 3 7 1 2
1565 1566 7.5493 3 8 1 2
1566 1567 7.546 3 7 1 2
1567 1568 7.5455 3 8 1 2
1568 1569 7.4851 3 8 1 2
1569 1570 7.4522 3 7 1 2
1570 1571 7.3434 3 8 1 2
1571 1572 7.3403 3 9 1 2
1572 1573 7.2958 3 11 1 2
1573 1574 7.2773 3 9 1 2
1574 1575 7.2457 3 9 1 2
1575 1576 7.2422 3 8 1 2
1576 1577 7.2237 3 9 1 2
1577 1578 7.2215 3 8 1 2
1578 1579 7.1731 3 8 3 2
1579 1580 7.1203 3 9 1 2
1580 1581 7.095 3 7 1 2
1581 1582 7.0947 3 9 3 2
1582 1583 7.0799 3 8 1 2
1583 1584 7.0774 3 11 1 2
1584 1585 7.0615 3 7 3 2
1585 1586 7.0392 3 8 1 2
1586 1587 7.0273 3 8 1 2
1587 1588 6.9819 3 9 1 2
1588 1589 6.9603 3 11 1 2
1589 1590 6.9479 3 8 1 2
1590 1591 6.9463 3 7 1 2
1591 1592 6.918 3 7 3 2
1592 1593 6.8828 3 9 1 2
1593 1594 6.8655 3 8 1 2
1594 1595 6.8544 3 11 1 2
1595 1596 6.8158 3 11 1 2
1596 1597 6.7784 3 9 1 2
1597 1598 6.7357 3 9 1 2
1598 1599 6.7341 3 8 1 2
1599 1600 6.7191 3 7 1 2
1600 1601 6.6869 3 9 1 2
1601 1602 6.5709 3 9 3 2
1602 1603 6.5419 3 9 3 2
1603 1604 6.539 3 7 1 2
1604 1605 6.5106 3 9 3 2
1605 1606 6.4774 3 9 1 2
1606 1607 6.394 3 7 3 2
1607 1608 6.392 3 7 3 2
1608 1609 6.3918 3 9 1 2
1609 1610 6.3739 3 8 1 2
1610 1611 6.3689 3 7 1 2
1611 1612 6.3676 3 7 1 2
1612 1613 6.3447 3 7 1 2
1613 1614 6.3442 3 7 1 2
1614 1615 6.2993 3 8 1 2
1615 1616 6.2773 3 9 1 2
1616 1617 6.2704 3 7 1 2
1617 1618 6.2134 3 6 1 2
1618 1619 6.1789 3 11 1 2
1619 1620 6.1468 3 7 3 2
1620 1621 6.1447 3 8 1 2
1621 1622 6.1386 3 1 1 2
1622 1623 6.1132 3 6 1 2
1623 1624 6.1054 3 7 1 2
1624 1625 6.1018 3 7 1 2
1625 1626 6.0511 3 7 3 2
1626 1627 5.9891 3 7 1 2
1627 1628 5.9416 3 9 1 2
1628 1629 5.8789 3 6 1 2
1629 1630 5.8357 3 7 3 2
1630 1631 5.7744 3 7 3 2
1631 1632 5.7587 3 7 3 2
1632 1633 5.7534 3 7 3 2
1633 1634 5.7512 3 9 1 2
1634 1635 5.7448 3 7 1 2
1635 1636 5.7398 3 8 1 2
1636 1637 5.6928 3 8 3 2
1637 1638 5.6359 3 8 1 2
1638 1639 5.5966 3 9 3 2
1639 1640 5.5824 3 9 3 2
1640 1641 5.5703 3 7 3 2
1641 1642 5.5372 3 7 1 2
1642 1643 5.5022 3 7 3 2
1643 1644 5.4522 3 7 1 2
1644 1645 5.4505 3 6 1 2
1645 1646 5.4503 3 7 1 2
1646 1647 5.3984 3 6 1 2
1647 1648 5.3175 3 6 1 2
1648 1649 5.313 3 7 1 2
1649 1650 5.3015 3 7 1 2
1650 1651 5.2373 3 8 1 2
1651 1652 5.2154 3 8 1 2
1652 1653 5.2051 3 6 1 2
1653 1654 5.1983 3 6 1 2
1654 1655 5.1816 3 6 1 2
1655 1656 5.1564 3 8 1 2
1656 1657 5.1333 3 8 1 2
1657 1658 5.1332 3 6 1 2
1658 1659 5.1328 3 6 1 2
1659 1660 5.1312 3 6 1 2
1660 1661 5.0926 3 6 1 2
1661 1662 5.0863 3 9 1 2
1662 1663 5.0859 3 7 1 2
1663 1664 5.0765 3 8 1 2
1664 1665 5.072 3 6 1 2
1665 1666 4.9456 3 6 1 2
1666 1667 4.8069 3 2 1 2
1667 1668 4.685 3 6 1 2
1668 1669 4.6326 3 6 1 2
1669 1670 4.5526 3 7 3 2
1670 1671 4.5461 3 4 1 1
1671 1672 4.5132 3 5 1 2
1672 1673 4.4491 3 5 1 2
1673 1674 4.4402 3 6 1 2
1674 1675 4.4245 3 6 1 2
1675 1676 4.3298 3 10 1 1
1676 1677 4.2245 3 7 1 2
1677 1678 4.1375 3 6 1 2
1678 1679 4.0077 3 7 1 1
1679 1680 3.9544 3 6 1 2
1680 1681 3.8993 3 10 1 2
1681 1682 3.8921 3 6 1 2
1682 1683 3.8539 3 7 1 1
1683 1684 3.7866 3 9 1 2
1684 1685 3.6782 3 7 1 1
1685 1686 3.5841 3 8 1 1
1686 1687 3.5432 3 6 1 1
1687 1688 3.5407 3 6 1 2
1688 1689 3.5377 3 11 1 2
1689 1690 3.493 3 6 1 2
1690 1691 3.3677 3 6 1 1
1691 1692 3.3474 3 10 1 1
1692 1693 3.3018 3 7 1 1
1693 1694 3.2127 3 7 1 1
1694 1695 3.2008 3 6 1 1
1695 1696 3.1724 3 11 1 1
1696 1697 3.1514 3 6 1 1
1697 1698 3.1343 3 7 1 1
1698 1699 3.1056 3 7 1 1
1699 1700 3.0962 3 6 1 1
1700 1701 3.0758 3 7 1 1
1701 1702 3.0692 3 6 1 1
1702 1703 3.0577 3 5 1 2
1703 1704 3.0409 3 7 1 1
1704 1705 2.9466 3 5 1 1
1705 1706 2.9211 3 7 1 1
1706 1707 2.9071 3 6 1 1
1707 1708 2.9065 3 8 1 1
1708 1709 2.902 3 8 1 1
1709 1710 2.8965 3 6 1 2
1710 1711 2.8672 3 10 1 1
1711 1712 2.8437 3 6 1 2
1712 1713 2.8344 3 7 3 1
1713 1714 2.828 3 10 1 2
1714 1715 2.8229 3 4 1 1
1715 1716 2.7935 3 7 1 1
1716 1717 2.787 3 7 1 1
1717 1718 2.7839 3 5 1 1
1718 1719 2.7711 3 5 1 1
1719 1720 2.7686 3 7 1 1
1720 1721 2.7548 3 10 1 1
1721 1722 2.7387 3 4 1 1
1722 1723 2.7273 3 7 3 1
1723 1724 2.7251 3 5 1 2
1724 1725 2.7076 3 7 1 1
1725 1726 2.7019 3 10 3 1
1726 1727 2.6984 3 6 1 1
1727 1728 2.6953 3 8 1 1
1728 1729 2.6621 3 9 1 1
1729 1730 2.6569 3 4 1 1
1730 1731 2.6483 3 6 1 1
1731 1732 2.6345 3 6 1 1
1732 1733 2.6009 3 6 1 1
1733 1734 2.5895 3 6 1 1
1734 1735 2.5777 3 7 1 1
1735 1736 2.5763 3 7 1 1
1736 1737 2.5321 3 5 1 1
1737 1738 2.4984 3 10 1 1
1738 1739 2.4976 3 6 1 1
1739 1740 2.4955 3 6 1 1
1740 1741 2.4953 3 4 1 1
1741 1742 2.4917 3 5 1 1
1742 1743 2.4906 3 4 1 1
1743 1744 2.478 3 7 1 1
1744 1745 2.4763 3 6 1 1
1745 1746 2.4601 3 6 1 1
1746 1747 2.4528 3 4 1 1
1747 1748 2.4522 3 6 1 1
1748 1749 2.4475 3 9 1 1
1749 1750 2.4073 3 4 1 1
1750 1751 2.3984 3 6 1 2
1751 1752 2.3846 3 4 1 1
1752 1753 2.3827 3 9 1 1
1753 1754 2.3782 3 6 1 1
1754 1755 2.3742 3 11 1 1
1755 1756 2.3645 3 4 1 1
1756 1757 2.3625 3 4 1 1
1757 1758 2.3624 3 5 1 1
1758 1759 2.3578 3 5 1 1
1759 1760 2.3447 3 5 1 2
1760 1761 2.3242 3 6 1 1
1761 1762 2.3231 3 5 1 1
1762 1763 2.3218 3 4 1 1
1763 1764 2.311 3 1 1 1
1764 1765 2.3086 3 6 1 1
1765 1766 2.3085 3 10 1 1
1766 1767 2.3047 3 7 1 1
1767 1768 2.2917 3 4 1 1
1768 1769 2.2888 3 4 1 1
1769 1770 2.2794 3 10 1 2
1770 1771 2.2751 3 2 1 1
1771 1772 2.2742 3 9 1 1
1772 1773 2.2736 3 7 1 1
1773 1774 2.2594 3 6 1 1
1774 1775 2.2491 3 7 1 1
1775 1776 2.238 3 9 1 1
1776 1777 2.2111 3 8 1 1
1777 1778 2.1912 3 6 1 1
1778 1779 2.1726 3 6 1 1
1779 1780 2.169 3 7 1 1
1780 1781 2.1686 3 7 1 1
1781 1782 2.1526 3 8 1 1
1782 1783 2.1248 3 4 1 1
1783 1784 2.1041 3 6 1 1
1784 1785 2.0947 3 5 1 1
1785 1786 2.0845 3 5 1 1
1786 1787 2.0833 3 10 1 1
1787 1788 2.08 3 6 1 1
1788 1789 2.0667 3 5 1 1
1789 1790 2.0643 3 8 1 1
1790 1791 2.0612 3 6 1 1
1791 1792 2.0554 3 5 1 1
1792 1793 2.0485 3 5 1 2
1793 1794 2.0401 3 10 1 1
1794 1795 2.0306 3 5 1 2
1795 1796 2.0305 3 9 1 1
1796 1797 2.0082 3 5 1 2
1797 1798 1.9926 3 9 1 1
1798 1799 1.9837 3 6 1 1
1799 1800 1.9816 3 3 1 1
1800 1801 1.9756 3 9 1 1
1801 1802 1.9244 3 9 1 1
1802 1803 1.916 3 9 1 1
1803 1804 1.9103 3 11 1 2
1804 1805 1.9085 3 9 1 1
1805 1806 1.9068 3 9 1 1
1806 1807 1.9018 3 4 1 2
1807 1808 1.9007 3 9 1 1
1808 1809 1.8888 3 4 1 1
1809 1810 1.8596 3 5 1 1
1810 1811 1.8502 3 5 1 1
1811 1812 1.8322 3 8 1 1
1812 1813 1.8243 3 6 1 1
1813 1814 1.8182 3 4 1 1
1814 1815 1.8095 3 9 1 1
1815 1816 1.8072 3 5 1 1
1816 1817 1.8044 3 7 1 1
1817 1818 1.7994 3 5 1 1
1818 1819 1.7952 3 5 1 1
1819 1820 1.7925 3 9 1 1
1820 1821 1.7857 3 5 1 2
1821 1822 1.7585 3 9 1 1
1822 1823 1.7311 3 9 3 1
1823 1824 1.7278 3 5 1 2
1824 1825 1.7191 3 11 1 1
1825 1826 1.7188 3 5 1 1
1826 1827 1.6979 3 6 1 2
1827 1828 1.6951 3 9 1 1
1828 1829 1.6734 3 10 1 1
1829 1830 1.6631 3 4 1 1
1830 1831 1.6514 3 11 1 1
1831 1832 1.645 3 8 1 1
1832 1833 1.6377 3 9 1 1
1833 1834 1.6106 3 5 1 1
1834 1835 1.5946 3 9 1 1
1835 1836 1.5662 3 3 1 1
1836 1837 1.5612 3 2 1 1
1837 1838 1.5555 3 6 1 1
1838 1839 1.545 3 11 1 1
1839 1840 1.5424 3 6 1 2
1840 1841 1.5331 3 11 1 1
1841 1842 1.5242 3 3 1 1
1842 1843 1.519 3 8 1 1
1843 1844 1.5174 3 5 1 1
1844 1845 1.506 3 3 1 1
1845 1846 1.5055 3 9 3 1
1846 1847 1.5054 3 11 1 1
1847 1848 1.4969 3 8 1 1
1848 1849 1.476 3 8 1 1
1849 1850 1.4748 3 5 1 1
1850 1851 1.473 3 5 1 2
1851 1852 1.4721 3 4 1 1
1852 1853 1.4637 3 12 1 1
1853 1854 1.4465 3 11 1 1
1854 1855 1.4455 3 9 3 1
1855 1856 1.4385 3 1 3 1
1856 1857 1.4383 3 7 3 1
1857 1858 1.4375 3 9 3 1
1858 1859 1.4367 3 9 1 1
1859 1860 1.4204 3 9 1 1
1860 1861 1.4124 3 9 1 1
1861 1862 1.4107 3 5 1 1
1862 1863 1.407 3 3 1 1
1863 1864 1.3994 3 5 1 1
1864 1865 1.3938 3 8 1 1
1865 1866 1.3854 3 11 1 1
1866 1867 1.3794 3 8 1 1
1867 1868 1.3684 3 11 1 1
1868 1869 1.3625 3 11 1 1
1869 1870 1.357 3 9 1 1
1870 1871 1.3457 3 6 1 1
1871 1872 1.3228 3 11 1 1
1872 1873 1.3191 3 3 1 1
1873 1874 1.3018 3 5 1 1
1874 1875 1.2726 3 7 1 2
1875 1876 1.2695 3 4 1 1
1876 1877 1.2689 3 8 1 1
1877 1878 1.2687 3 9 1 1
1878 1879 1.2545 3 1 2 1
1879 1880 1.2413 3 9 1 1
1880 1881 1.2359 3 7 3 1
1881 1882 1.2348 3 3 1 1
1882 1883 1.2204 3 4 1 2
1883 1884 1.1933 3 5 1 1
1884 1885 1.1883 3 5 1 2
1885 1886 1.1803 3 3 1 1
1886 1887 1.1557 3 8 1 1
1887 1888 1.1346 3 7 3 1
1888 1889 1.1332 3 11 1 1
1889 1890 1.125 3 5 1 2
1890 1891 1.1124 3 3 1 1
1891 1892 1.1097 3 3 1 1
1892 1893 1.1 3 5 1 1
1893 1894 1.0995 3 7 3 1
1894 1895 1.0958 3 7 3 1
1895 1896 1.091 3 5 1 1
1896 1897 1.0879 3 3 1 1
1897 1898 1.0764 3 10 1 1
1898 1899 1.0538 3 4 1 2
1899 1900 1.0433 3 7 1 1
1900 1901 1.0409 3 4 1 1
1901 1902 1.0259 3 3 1 1
1902 1903 1.0227 3 3 1 1
1903 1904 1.0056 3 9 1 1
1904 1905 1.0048 3 9 1 1
1905 1906 1.0021 3 11 1 1
1906 1907 1 3 11 1 1
1907 1908 0.9969 3 3 1 1
1908 1909 0.9886 3 5 1 2
1909 1910 0.9792 3 8 1 1
1910 1911 0.9758 3 5 1 2
1911 1912 0.9745 3 2 1 1
1912 1913 0.9741 3 3 1 1
1913 1914 0.9547 3 5 1 2
1914 1915 0.9387 3 7 3 1
1915 1916 0.9356 3 6 1 2
1916 1917 0.9287 3 3 1 1
1917 1918 0.9274 3 4 1 2
1918 1919 0.9184 3 11 1 1
1919 1920 0.8994 3 5 1 2
1920 1921 0.8971 3 3 1 1
1921 1922 0.8768 3 5 1 2
1922 1923 0.8571 3 3 1 1
1923 1924 0.8553 3 10 1 2
1924 1925 0.8534 3 2 1 1
1925 1926 0.8441 3 2 1 1
1926 1927 0.842 3 8 1 1
1927 1928 0.8369 3 7 1 1
1928 1929 0.8263 3 9 3 1
1929 1930 0.8244 3 9 1 1
1930 1931 0.8195 3 11 1 1
1931 1932 0.8095 3 5 1 2
1932 1933 0.7965 3 3 1 1
1933 1934 0.7955 3 4 1 1
1934 1935 0.7752 3 3 1 1
1935 1936 0.7643 3 4 1 1
1936 1937 0.7608 3 11 1 1
1937 1938 0.751 3 4 1 1
1938 1939 0.7396 3 2 1 1
1939 1940 0.7181 3 10 1 2
1940 1941 0.7136 3 8 1 1
1941 1942 0.7125 3 7 1 2
1942 1943 0.7083 3 2 1 1
1943 1944 0.7047 3 5 1 2
1944 1945 0.6364 3 4 1 2
1945 1946 0.6008 3 7 3 1
1946 1947 0.5955 3 4 1 1
1947 1948 0.5761 3 4 1 2
1948 1949 0.5633 3 9 1 1
1949 1950 0.5555 3 5 1 2
1950 1951 0.554 3 8 1 1
1951 1952 0.5498 3 5 1 1
1952 1953 0.5483 3 5 1 2
1953 1954 0.5351 3 7 1 1
1954 1955 0.5132 3 2 3 2
1955 1956 0.5061 3 2 1 1
1956 1957 0.502 3 7 1 1
1957 1958 0.4844 3 4 1 1
1958 1959 0.4828 3 1 2 1
1959 1960 0.4794 3 4 1 2
1960 1961 0.4717 3 11 1 1
1961 1962 0.4716 3 3 1 1
1962 1963 0.4685 3 1 1 2
1963 1964 0.4684 3 7 1 2
1964 1965 0.4664 3 3 1 2
1965 1966 0.4567 3 7 1 2
1966 1967 0.4537 3 1 2 1
1967 1968 0.4526 3 2 1 1
1968 1969 0.452 3 4 1 2
1969 1970 0.45 3 4 1 2
1970 1971 0.4492 3 4 1 2
1971 1972 0.4464 3 4 1 2
1972 1973 0.4446 3 2 1 1
1973 1974 0.4367 3 3 1 1
1974 1975 0.4354 3 1 1 1
1975 1976 0.4353 3 4 1 2
1976 1977 0.435 3 4 1 2
1977 1978 0.4311 3 4 1 1
1978 1979 0.4301 3 1 1 2
1979 1980 0.4154 3 4 1 1
1980 1981 0.4107 3 2 1 1
1981 1982 0.4027 3 4 1 2
1982 1983 0.3939 3 10 1 2
1983 1984 0.385 3 2 1 1
1984 1985 0.3781 3 4 1 2
1985 1986 0.3748 3 3 1 2
1986 1987 0.3722 3 5 1 2
1987 1988 0.3691 3 1 1 2
1988 1989 0.3603 3 4 1 2
1989 1990 0.3601 3 4 1 2
1990 1991 0.36 3 4 1 1
1991 1992 0.357 3 11 1 1
1992 1993 0.349 3 3 1 2
1993 1994 0.3437 3 3 1 1
1994 1995 0.3315 3 4 1 1
1995 1996 0.3302 3 3 1 2
1996 1997 0.3292 3 3 1 2
1997 1998 0.3276 3 5 1 2
1998 1999 0.3273 3 1 2 2
1999 2000 0.3272 3 1 1 2
2000 2001 0.3263 3 1 1 2
2001 2002 0.3262 3 4 1 2
2002 2003 0.3228 3 1 1 2
2003 2004 0.3173 3 3 1 2
2004 2005 0.3159 3 1 2 2
2005 2006 0.315 3 1 2 2
2006 2007 0.3135 3 1 2 2
2007 2008 0.313 3 4 1 2
2008 2009 0.3097 3 1 1 2
2009 2010 0.3086 3 11 1 1
2010 2011 0.3078 3 1 2 2
2011 2012 0.3071 3 5 1 2
2012 2013 0.3046 3 2 1 2
2013 2014 0.3015 3 5 1 2
2014 2015 0.2978 3 3 1 2
2015 2016 0.2967 3 1 2 2
2016 2017 0.2954 3 12 1 2
2017 2018 0.291 3 4 1 2
2018 2019 0.2885 3 1 3 2
2019 2020 0.2865 3 4 1 2
2020 2021 0.2827 3 1 1 2
2021 2022 0.2821 3 1 1 1
2022 2023 0.2814 3 1 1 2
2023 2024 0.2777 3 1 1 1
2024 2025 0.2768 3 2 1 2
2025 2026 0.2747 3 1 1 1
2026 2027 0.2727 3 5 1 2
2027 2028 0.272 3 4 1 2
2028 2029 0.2691 3 1 1 2
2029 2030 0.2668 3 5 1 2
2030 2031 0.2654 3 4 1 2
2031 2032 0.2645 3 1 1 1
2032 2033 0.2644 3 3 1 2
2033 2034 0.2632 3 1 1 2
2034 2035 0.2617 3 1 2 2
2035 2036 0.2615 3 10 1 2
2036 2037 0.2596 3 1 2 2
2037 2038 0.2589 3 1 2 2
2038 2039 0.2587 3 1 3 1
2039 2040 0.2577 3 7 1 1
2040 2041 0.2571 3 1 1 1
2041 2042 0.2543 3 3 1 2
2042 2043 0.2529 3 1 1 2
2043 2044 0.2465 3 1 1 2
2044 2045 0.2419 3 1 1 2
2045 2046 0.2405 3 1 1 2
2046 2047 0.238 3 9 1 1
2047 2048 0.2361 3 1 1 2
2048 2049 0.2354 3 2 1 2
2049 2050 0.2352 3 1 1 2
2050 2051 0.235 3 1 1 2
2051 2052 0.2344 3 10 1 2
2052 2053 0.2344 3 3 1 1
2053 2054 0.2321 3 6 1 2
2054 2055 0.2313 3 1 1 1
2055 2056 0.2304 3 1 2 2
2056 2057 0.2303 3 1 1 2
2057 2058 0.2274 3 1 2 1
2058 2059 0.2263 3 3 1 2
2059 2060 0.2253 3 9 1 1
2060 2061 0.2246 3 1 1 2
2061 2062 0.2238 3 1 2 2
2062 2063 0.2223 3 1 1 1
2063 2064 0.2217 3 1 1 2
2064 2065 0.2209 3 1 2 2
2065 2066 0.2193 3 12 1 1
2066 2067 0.2189 3 1 2 1
2067 2068 0.2148 3 12 1 1
2068 2069 0.2141 3 1 1 1
2069 2070 0.2112 3 1 2 2
2070 2071 0.2097 3 12 1 1
2071 2072 0.2095 3 12 1 1
2072 2073 0.2076 3 2 1 1
2073 2074 0.2067 3 2 1 1
2074 2075 0.2061 3 4 1 2
2075 2076 0.2054 3 12 1 1
2076 2077 0.2044 3 1 2 1
2077 2078 0.2038 3 3 1 2
2078 2079 0.2031 3 1 1 1
2079 2080 0.2029 3 10 1 2
2080 2081 0.2029 3 10 1 2
2081 2082 0.2013 3 12 1 1
2082 2083 0.2012 3 1 2 2
2083 2084 0.1986 3 1 2 1
2084 2085 0.1985 3 2 3 1
2085 2086 0.198 3 2 1 1
2086 2087 0.1973 3 1 2 1
2087 2088 0.1971 3 10 1 2
2088 2089 0.1963 3 3 1 2
2089 2090 0.1955 3 1 1 1
2090 2091 0.194 3 1 1 2
2091 2092 0.1933 3 5 1 2
2092 2093 0.1898 3 3 1 1
2093 2094 0.1869 3 2 1 1
2094 2095 0.1858 3 2 1 2
2095 2096 0.1854 3 1 2 1
2096 2097 0.1828 3 1 2 2
2097 2098 0.182 3 1 1 1
2098 2099 0.1798 3 3 1 2
2099 2100 0.179 3 3 1 2
2100 2101 0.1786 3 1 1 1
2101 2102 0.1735 3 1 3 1
2102 2103 0.1711 3 1 1 2
2103 2104 0.1711 3 3 1 2
2104 2105 0.1698 3 1 2 1
2105 2106 0.1693 3 1 1 2
2106 2107 0.1669 3 3 1 2
2107 2108 0.1663 3 1 2 1
2108 2109 0.1622 3 1 1 1
2109 2110 0.1621 3 2 1 2
2110 2111 0.1608 3 3 1 1
2111 2112 0.1608 3 3 1 2
2112 2113 0.1605 3 12 1 1
2113 2114 0.1604 3 2 1 2
2114 2115 0.1602 3 10 1 2
2115 2116 0.1601 3 2 1 2
2116 2117 0.1601 3 3 1 2
2117 2118 0.1599 3 2 1 1
2118 2119 0.1594 3 1 1 2
2119 2120 0.1586 3 1 1 1
2120 2121 0.1584 3 1 2 1
2121 2122 0.1584 3 2 1 1
2122 2123 0.1583 3 1 1 1
2123 2124 0.158 3 2 1 2
2124 2125 0.1575 3 1 2 2
2125 2126 0.1572 3 4 1 2
2126 2127 0.1567 3 3 1 2
2127 2128 0.1565 3 2 1 2
2128 2129 0.1563 3 1 1 1
2129 2130 0.1554 3 1 1 2
2130 2131 0.155 3 1 2 1
2131 2132 0.1545 3 1 2 1
2132 2133 0.1543 3 2 1 2
2133 2134 0.154 3 1 2 2
2134 2135 0.1536 3 12 1 1
2135 2136 0.1535 3 2 1 1
2136 2137 0.1531 3 2 1 2
2137 2138 0.1528 3 12 1 1
2138 2139 0.1527 3 1 2 1
2139 2140 0.1519 3 4 1 2
2140 2141 0.1509 3 1 2 1
2141 2142 0.1508 3 1 2 2
2142 2143 0.15 3 12 1 1
2143 2144 0.15 3 2 1 1
2144 2145 0.1491 3 3 1 2
2145 2146 0.1462 3 12 1 1
2146 2147 0.1456 3 1 2 1
2147 2148 0.1436 3 1 2 1
2148 2149 0.1415 3 12 1 1
2149 2150 0.1413 3 10 1 2
2150 2151 0.1411 3 2 1 1
2151 2152 0.1408 3 2 1 2
2152 2153 0.1405 3 1 2 2
2153 2154 0.14 3 3 1 2
2154 2155 0.1399 3 3 1 2
2155 2156 0.1387 3 2 1 2
2156 2157 0.1383 3 2 1 1
2157 2158 0.1374 3 2 1 1
2158 2159 0.1369 3 2 1 2
2159 2160 0.136 3 1 2 2
2160 2161 0.1351 3 3 1 2
2161 2162 0.1329 3 2 1 2
2162 2163 0.1328 3 11 1 1
2163 2164 0.1323 3 1 2 2
2164 2165 0.1322 3 3 1 2
2165 2166 0.1321 3 2 1 2
2166 2167 0.132 3 3 1 2
2167 2168 0.1319 3 12 1 1
2168 2169 0.1303 3 1 2 1
2169 2170 0.1301 3 1 2 1
2170 2171 0.1296 3 12 1 1
2171 2172 0.1293 3 12 1 1
2172 2173 0.1287 3 1 2 1
2173 2174 0.1286 3 1 2 1
2174 2175 0.1282 3 12 1 1
2175 2176 0.1274 3 2 1 1
2176 2177 0.1272 3 12 1 1
2177 2178 0.1265 3 1 1 1
2178 2179 0.1261 3 10 1 2
2179 2180 0.126 3 12 1 1
2180 2181 0.1246 3 1 1 2
2181 2182 0.1246 3 2 1 1
2182 2183 0.1236 3 1 1 1
2183 2184 0.1231 3 10 1 2
2184 2185 0.122 3 1 2 1
2185 2186 0.1211 3 1 2 1
2186 2187 0.1211 3 2 1 1
2187 2188 0.1211 3 2 1 2
2188 2189 0.1206 3 12 1 1
2189 2190 0.1202 3 1 2 1
2190 2191 0.1202 3 2 1 1
2191 2192 0.1189 3 12 1 1
2192 2193 0.1162 3 12 1 1
2193 2194 0.1156 3 12 1 1
2194 2195 0.1147 3 2 1 2
2195 2196 0.1137 3 1 1 1
2196 2197 0.1135 3 1 2 1
2197 2198 0.1132 3 1 1 1
2198 2199 0.1131 3 3 1 2
2199 2200 0.1126 3 2 1 2
2200 2201 0.1124 3 1 2 1
2201 2202 0.1116 3 10 1 1
2202 2203 0.1073 3 2 1 2
2203 2204 0.1066 3 2 1 2
2204 2205 0.1051 3 12 1 1
2205 2206 0.1051 3 1 1 1
2206 2207 0.1045 3 12 1 1
2207 2208 0.1041 3 12 1 1
2208 2209 0.1031 3 1 2 1
2209 2210 0.1021 3 1 1 1
2210 2211 0.1004 3 3 1 2
2211 2212 0.1 3 4 1 1
2212 2213 0.0991 3 1 2 1
2213 2214 0.099 3 1 1 1
2214 2215 0.0984 3 12 1 1
2215 2216 0.0984 3 2 1 2
2216 2217 0.0976 3 1 2 2
2217 2218 0.0954 3 1 2 1
2218 2219 0.0934 3 3 1 2
2219 2220 0.0932 3 12 1 1
2220 2221 0.091 3 12 1 1
2221 2222 0.0907 3 10 1 2
2222 2223 0.089 3 1 3 1
2223 2224 0.0885 3 2 1 2
2224 2225 0.0877 3 10 1 1
2225 2226 0.0875 3 1 1 1
2226 2227 0.0866 3 1 1 1
2227 2228 0.0854 3 2 1 1
2228 2229 0.0847 3 3 1 2
2229 2230 0.0844 3 1 2 1
2230 2231 0.0831 3 10 1 1
2231 2232 0.0812 3 2 1 2
2232 2233 0.0798 3 1 1 1
2233 2234 0.0797 3 4 1 2
2234 2235 0.0761 3 2 1 2
2235 2236 0.073 3 1 2 2
2236 2237 0.0714 3 10 1 1
2237 2238 0.0706 3 10 1 1
2238 2239 0.0686 3 1 1 1
2239 2240 0.0679 3 10 1 1
2240 2241 0.0671 3 10 1 2
2241 2242 0.0665 3 11 1 2
2242 2243 0.0644 3 2 1 1
2243 2244 0.0643 3 1 1 1
2244 2245 0.0643 3 4 1 2
2245 2246 0.0639 3 11 1 1
2246 2247 0.0638 3 2 1 2
2247 2248 0.0637 3 11 1 1
2248 2249 0.0633 3 10 1 1
2249 2250 0.0618 3 10 1 2
2250 2251 0.0593 3 11 1 1
2251 2252 0.0568 3 10 1 1
2252 2253 0.0564 3 3 1 2
2253 2254 0.0558 3 10 1 1
2254 2255 0.0549 3 11 1 2
2255 2256 0.0533 3 10 1 1
2256 2257 0.0519 3 10 1 1
2257 2258 0.0506 3 3 1 2
2258 2259 0.0502 3 10 1 1
2259 2260 0.0479 3 10 1 1
2260 2261 0.0457 3 2 1 2
2261 2262 0.0449 3 3 1 2
2262 2263 0.0441 3 4 1 2
2263 2264 0.0435 3 10 1 1
2264 2265 0.0433 3 11 1 1
2265 2266 0.0411 3 10 1 1
2266 2267 0.0407 3 11 1 1
2267 2268 0.0403 3 11 1 2
2268 2269 0.0399 3 2 1 2
2269 2270 0.0394 3 7 1 2
2270 2271 0.0387 3 11 1 1
2271 2272 0.0366 3 10 1 1
2272 2273 0.035 3 10 1 1
2273 2274 0.0349 3 10 1 2
2274 2275 0.034 3 10 1 2
2275 2276 0.0275 3 11 1 1
2276 2277 0.0246 3 10 1 2
2277 2278 0.0243 3 2 1 2
2278 2279 0.024 3 10 1 1
2279 2280 0.0237 3 10 1 1
2280 2281 0.0207 3 10 1 1
2281 2282 0.0124 3 7 1 1
2282 2283 0.0064 3 7 1 1
2283 2284 10.6168 4 9 1 2
2284 2285 10.4052 4 12 1 2
2285 2286 10.279 4 7 1 2
2286 2287 10.0054 4 12 1 2
2287 2288 9.9784 4 9 1 2
2288 2289 9.7664 4 9 1 2
2289 2290 9.745 4 12 1 2
2290 2291 9.6262 4 10 1 2
2291 2292 9.5746 4 12 1 2
2292 2293 9.5509 4 7 1 2
2293 2294 9.4658 4 9 1 2
2294 2295 9.3888 4 12 1 2
2295 2296 9.247 4 12 1 2
2296 2297 9.1072 4 12 1 2
2297 2298 9.0272 4 12 1 2
2298 2299 9.0189 4 9 1 2
2299 2300 8.9694 4 12 1 2
2300 2301 8.9471 4 9 1 2
2301 2302 8.7816 4 9 1 2
2302 2303 8.718 4 12 1 2
2303 2304 8.6294 4 12 1 2
2304 2305 8.5398 4 9 1 2
2305 2306 8.33 4 9 1 2
2306 2307 8.2559 4 9 1 2
2307 2308 8.12 4 7 1 2
2308 2309 8.0801 4 12 1 2
2309 2310 7.9514 4 9 1 2
2310 2311 7.9126 4 9 1 2
2311 2312 7.8473 4 7 1 2
2312 2313 7.8125 4 9 1 2
2313 2314 7.694 4 9 1 2
2314 2315 7.6533 4 9 1 2
2315 2316 7.4819 4 9 1 2
2316 2317 7.4559 4 8 1 2
2317 2318 7.3815 4 9 1 2
2318 2319 7.2984 4 9 1 2
2319 2320 7.2771 4 8 1 2
2320 2321 7.2762 4 9 1 2
2321 2322 7.2079 4 11 3 2
2322 2323 7.2065 4 7 1 2
2323 2324 7.088 4 8 1 2
2324 2325 7.0761 4 9 1 2
2325 2326 7.0594 4 8 1 2
2326 2327 7.0341 4 8 1 2
2327 2328 7.0037 4 7 1 2
2328 2329 6.9806 4 9 1 2
2329 2330 6.9764 4 8 1 2
2330 2331 6.9489 4 9 1 2
2331 2332 6.8732 4 8 1 2
2332 2333 6.7772 4 12 1 2
2333 2334 6.7329 4 8 1 2
2334 2335 6.7143 4 9 1 2
2335 2336 6.6702 4 8 1 2
2336 2337 6.5903 4 9 1 2
2337 2338 6.5275 4 8 1 2
2338 2339 6.5074 4 9 1 2
2339 2340 6.4624 4 7 1 2
2340 2341 6.4304 4 8 1 2
2341 2342 6.3833 4 8 1 2
2342 2343 6.2984 4 7 1 2
2343 2344 6.2169 4 8 1 2
2344 2345 6.2105 4 8 1 2
2345 2346 6.162 4 7 1 2
2346 2347 6.1186 4 7 1 2
2347 2348 6.0811 4 7 1 2
2348 2349 6.025 4 11 3 2
2349 2350 5.9961 4 7 1 2
2350 2351 5.8421 4 8 1 2
2351 2352 5.8405 4 9 1 2
2352 2353 5.8356 4 8 1 2
2353 2354 5.7889 4 7 1 2
2354 2355 5.7557 4 8 1 2
2355 2356 5.7426 4 7 1 2
2356 2357 5.7004 4 7 1 2
2357 2358 5.6662 4 7 1 2
2358 2359 5.6539 4 9 1 2
2359 2360 5.6233 4 9 1 2
2360 2361 5.6163 4 7 1 2
2361 2362 5.6025 4 7 1 2
2362 2363 5.5047 4 8 1 2
2363 2364 5.4743 4 9 1 2
2364 2365 5.4055 4 7 1 2
2365 2366 5.3754 4 8 1 2
2366 2367 5.3256 4 7 1 2
2367 2368 5.2587 4 7 1 2
2368 2369 5.1891 4 8 1 2
2369 2370 5.1679 4 7 1 2
2370 2371 5.1657 4 8 1 2
2371 2372 5.138 4 7 1 2
2372 2373 5.0541 4 9 1 2
2373 2374 5.0117 4 7 1 2
2374 2375 4.9892 4 8 1 2
2375 2376 4.9498 4 7 1 2
2376 2377 4.8305 4 7 1 2
2377 2378 4.7949 4 7 1 2
2378 2379 4.7813 4 7 1 2
2379 2380 4.5348 4 10 1 2
2380 2381 4.193 4 8 1 2
2381 2382 4.0386 4 8 1 2
2382 2383 4.0062 4 12 1 2
2383 2384 3.9413 4 8 1 1
2384 2385 3.9391 4 7 1 2
2385 2386 3.9367 4 7 1 2
2386 2387 3.833 4 7 1 2
2387 2388 3.5933 4 7 1 1
2388 2389 3.5575 4 9 1 1
2389 2390 3.4574 4 8 1 1
2390 2391 3.3422 4 12 1 2
2391 2392 3.2836 4 7 1 2
2392 2393 3.215 4 8 1 1
2393 2394 3.1444 4 8 1 1
2394 2395 3.107 4 8 1 2
2395 2396 3.0629 4 7 1 1
2396 2397 3.0269 4 8 1 1
2397 2398 3.0089 4 7 1 1
2398 2399 2.9877 4 12 1 1
2399 2400 2.8942 4 7 1 1
2400 2401 2.8734 4 8 1 1
2401 2402 2.8268 4 12 1 1
2402 2403 2.811 4 8 1 1
2403 2404 2.8079 4 10 1 2
2404 2405 2.7886 4 9 1 1
2405 2406 2.7764 4 7 1 1
2406 2407 2.7625 4 10 1 1
2407 2408 2.7169 4 7 1 1
2408 2409 2.6957 4 8 1 1
2409 2410 2.6439 4 7 1 1
2410 2411 2.626 4 7 1 1
2411 2412 2.6213 4 9 1 1
2412 2413 2.5917 4 8 1 1
2413 2414 2.5463 4 9 1 1
2414 2415 2.5134 4 7 1 1
2415 2416 2.4386 4 9 1 1
2416 2417 2.4196 4 9 1 1
2417 2418 2.4094 4 7 1 1
2418 2419 2.3914 4 12 1 1
2419 2420 2.3901 4 7 1 1
2420 2421 2.3556 4 12 1 1
2421 2422 2.3337 4 7 1 1
2422 2423 2.3228 4 8 1 1
2423 2424 2.2995 4 7 1 1
2424 2425 2.2863 4 8 1 1
2425 2426 2.2853 4 8 1 1
2426 2427 2.2784 4 8 1 1
2427 2428 2.2658 4 9 1 1
2428 2429 2.261 4 9 1 1
2429 2430 2.1705 4 9 1 1
2430 2431 2.1028 4 8 1 1
2431 2432 2.101 4 8 1 1
2432 2433 2.065 4 8 1 1
2433 2434 2.0529 4 9 1 1
2434 2435 2.0231 4 9 1 1
2435 2436 2.0204 4 12 1 1
2436 2437 2.006 4 7 1 1
2437 2438 2.0027 4 7 1 1
2438 2439 1.9752 4 9 1 1
2439 2440 1.9737 4 7 1 2
2440 2441 1.9651 4 9 1 1
2441 2442 1.9554 4 7 1 1
2442 2443 1.9293 4 7 1 1
2443 2444 1.9247 4 12 1 1
2444 2445 1.923 4 11 3 1
2445 2446 1.8931 4 7 1 1
2446 2447 1.8856 4 9 1 1
2447 2448 1.8512 4 9 1 1
2448 2449 1.843 4 7 1 1
2449 2450 1.8067 4 10 1 1
2450 2451 1.7896 4 7 1 1
2451 2452 1.7842 4 9 1 1
2452 2453 1.7537 4 7 1 1
2453 2454 1.746 4 12 1 1
2454 2455 1.7194 4 7 1 1
2455 2456 1.7106 4 11 3 1
2456 2457 1.7005 4 8 1 1
2457 2458 1.6958 4 9 1 1
2458 2459 1.6549 4 7 1 1
2459 2460 1.5621 4 9 1 1
2460 2461 1.505 4 10 1 1
2461 2462 1.5029 4 9 1 1
2462 2463 1.4699 4 7 1 1
2463 2464 1.4481 4 9 1 1
2464 2465 1.4393 4 9 1 1
2465 2466 1.4144 4 8 1 1
2466 2467 1.4098 4 12 1 1
2467 2468 1.3951 4 11 3 1
2468 2469 1.3893 4 8 1 1
2469 2470 1.3299 4 7 1 1
2470 2471 1.3233 4 9 1 1
2471 2472 1.3083 4 7 1 1
2472 2473 1.2351 4 9 1 1
2473 2474 1.2333 4 9 1 1
2474 2475 1.2084 4 7 1 1
2475 2476 1.1803 4 7 1 1
2476 2477 1.1533 4 8 1 1
2477 2478 1.1449 4 7 1 1
2478 2479 1.1131 4 8 1 2
2479 2480 1.0771 4 8 1 1
2480 2481 1.0638 4 8 1 1
2481 2482 1.0622 4 9 1 1
2482 2483 1.0102 4 8 1 1
2483 2484 0.9857 4 9 1 1
2484 2485 0.9749 4 7 1 1
2485 2486 0.9003 4 8 1 1
2486 2487 0.8995 4 8 1 1
2487 2488 0.8811 4 8 1 1
2488 2489 0.8726 4 12 1 2
2489 2490 0.8301 4 8 1 2
2490 2491 0.7531 4 8 1 1
2491 2492 0.7475 4 8 1 2
2492 2493 0.6579 4 9 1 1
2493 2494 0.6552 4 8 1 1
2494 2495 0.6546 4 8 1 1
2495 2496 0.6435 4 7 1 1
2496 2497 0.6407 4 8 1 1
2497 2498 0.6085 4 9 1 1
2498 2499 0.5587 4 10 1 2
2499 2500 0.5538 4 12 1 2
2500 2501 0.5 4 10 1 1
2501 2502 0.4957 4 12 1 2
2502 2503 0.4825 4 10 1 2
2503 2504 0.4441 4 9 1 1
2504 2505 0.4056 4 12 1 2
2505 2506 0.4026 4 12 1 2
2506 2507 0.3667 4 12 1 2
2507 2508 0.362 4 12 1 2
2508 2509 0.3259 4 12 1 2
2509 2510 0.3168 4 12 1 2
2510 2511 0.2969 4 12 1 2
2511 2512 0.2847 4 12 1 2
2512 2513 0.2788 4 12 1 2
2513 2514 0.2481 4 12 1 1
2514 2515 0.2391 4 12 1 2
2515 2516 0.2364 4 10 1 2
2516 2517 0.2263 4 12 1 2
2517 2518 0.2222 4 12 1 2
2518 2519 0.2127 4 12 1 2
2519 2520 0.2103 4 10 1 2
2520 2521 0.2082 4 12 1 1
2521 2522 0.205 4 12 1 2
2522 2523 0.1806 4 12 1 2
2523 2524 0.177 4 12 1 2
2524 2525 0.1706 4 10 1 2
2525 2526 0.1697 4 12 1 2
2526 2527 0.1614 4 12 1 1
2527 2528 0.1551 4 12 1 2
2528 2529 0.1516 4 12 1 1
2529 2530 0.1468 4 10 1 2
2530 2531 0.1456 4 10 1 2
2531 2532 0.1439 4 10 1 2
2532 2533 0.1432 4 12 1 1
2533 2534 0.1432 4 12 1 1
2534 2535 0.1424 4 12 1 1
2535 2536 0.1419 4 12 1 1
2536 2537 0.1406 4 10 1 1
2537 2538 0.1406 4 12 1 1
2538 2539 0.1402 4 12 1 1
2539 2540 0.1396 4 12 1 2
2540 2541 0.1394 4 12 1 2
2541 2542 0.1366 4 12 1 1
2542 2543 0.136 4 12 1 2
2543 2544 0.1346 4 12 1 2
2544 2545 0.1317 4 12 1 2
2545 2546 0.1281 4 10 1 2
2546 2547 0.128 4 12 1 2
2547 2548 0.1264 4 12 1 2
2548 2549 0.124 4 10 1 2
2549 2550 0.1225 4 10 1 1
2550 2551 0.122 4 12 1 2
2551 2552 0.1206 4 10 1 1
2552 2553 0.1181 4 12 1 2
2553 2554 0.1173 4 10 1 1
2554 2555 0.1103 4 12 1 1
2555 2556 0.1087 4 12 1 2
2556 2557 0.1082 4 12 1 1
2557 2558 0.1078 4 12 1 1
2558 2559 0.1061 4 12 1 1
2559 2560 0.1057 4 12 1 1
2560 2561 0.1039 4 10 1 2
2561 2562 0.1026 4 12 1 2
2562 2563 0.1003 4 10 1 1
2563 2564 0.1 4 12 1 1
2564 2565 0.0996 4 12 1 1
2565 2566 0.0985 4 12 1 1
2566 2567 0.0977 4 12 1 1
2567 2568 0.0962 4 12 1 1
2568 2569 0.0952 4 12 1 1
2569 2570 0.0933 4 12 1 2
2570 2571 0.0904 4 10 1 1
2571 2572 0.0902 4 10 1 1
2572 2573 0.0899 4 12 1 1
2573 2574 0.0894 4 12 1 1
2574 2575 0.0893 4 10 1 1
2575 2576 0.0891 4 12 1 1
2576 2577 0.0889 4 12 1 2
2577 2578 0.0874 4 10 1 1
2578 2579 0.0849 4 10 1 1
2579 2580 0.0835 4 10 1 2
2580 2581 0.0826 4 12 1 1
2581 2582 0.0806 4 12 1 1
2582 2583 0.0805 4 12 1 1
2583 2584 0.0802 4 10 1 2
2584 2585 0.0796 4 12 1 1
2585 2586 0.0789 4 12 1 1
2586 2587 0.0789 4 12 1 2
2587 2588 0.0786 4 10 1 1
2588 2589 0.0776 4 12 1 1
2589 2590 0.0773 4 12 1 1
2590 2591 0.0765 4 10 1 1
2591 2592 0.076 4 10 1 1
2592 2593 0.0757 4 9 1 1
2593 2594 0.0755 4 12 1 1
2594 2595 0.0741 4 10 1 1
2595 2596 0.0741 4 12 1 1
2596 2597 0.0733 4 12 1 1
2597 2598 0.0731 4 12 1 1
2598 2599 0.0728 4 12 1 1
2599 2600 0.072 4 12 1 2
2600 2601 0.071 4 12 1 1
2601 2602 0.0693 4 12 1 1
2602 2603 0.0686 4 12 1 2
2603 2604 0.0678 4 12 1 1
2604 2605 0.0676 4 12 1 1
2605 2606 0.0658 4 12 1 2
2606 2607 0.0657 4 10 1 1
2607 2608 0.0654 4 12 1 1
2608 2609 0.063 4 10 1 1
2609 2610 0.0628 4 12 1 2
2610 2611 0.0577 4 12 1 1
2611 2612 0.0574 4 10 1 2
2612 2613 0.0567 4 12 1 1
2613 2614 0.054 4 8 1 1
2614 2615 0.0538 4 10 1 2
2615 2616 0.053 4 10 1 1
2616 2617 0.0497 4 12 1 1
2617 2618 0.0492 4 12 1 2
2618 2619 0.0481 4 10 1 1
2619 2620 0.0464 4 12 1 2
2620 2621 0.0462 4 10 1 2
2621 2622 0.0455 4 10 1 1
2622 2623 0.0452 4 12 1 1
2623 2624 0.0423 4 10 1 1
2624 2625 0.0417 4 10 1 1
2625 2626 0.0398 4 10 1 1
2626 2627 0.0398 4 12 1 1
2627 2628 0.0367 4 10 1 1
2628 2629 0.0358 4 8 1 1
2629 2630 0.0356 4 12 1 1
2630 2631 0.0349 4 12 1 2
2631 2632 0.0343 4 10 1 1
2632 2633 0.0335 4 10 1 1
2633 2634 0.0331 4 10 1 1
2634 2635 0.0308 4 10 1 2
2635 2636 0.0307 4 10 1 1
2636 2637 0.0292 4 10 1 2
2637 2638 0.0258 4 12 1 1
2638 2639 0.0257 4 12 1 2
2639 2640 0.02 4 10 1 1
2640 2641 0.0191 4 10 1 2
2641 2642 0.0165 4 12 1 1
2642 2643 0.0132 4 10 1 1
2643 2644 0.007 4 12 1 1
