Sample	YEAR	MONTH	Location	Sex
1	1	1	1	2
2	1	1	3	2
3	1	1	1	2
5	1	1	1	2
6	1	1	1	2
7	1	1	1	2
8	1	1	3	2
9	1	1	3	2
10	1	2	1	2
11	1	1	1	2
12	1	6	1	2
13	1	2	1	2
14	1	1	1	2
15	1	6	1	2
16	1	6	1	2
17	1	6	3	2
18	1	1	1	2
19	1	5	3	2
20	1	5	1	2
21	1	5	3	2
22	1	6	1	2
23	1	5	1	2
24	1	5	1	1
25	1	6	1	2
26	1	6	1	2
27	1	6	1	2
28	1	6	1	2
29	1	6	1	2
30	1	6	1	2
31	1	5	1	2
32	1	6	1	2
33	1	6	1	2
34	1	2	1	2
35	1	5	1	2
36	1	6	1	2
37	1	5	1	2
38	1	6	1	2
39	1	5	1	2
40	1	6	3	2
41	1	6	1	2
42	1	6	1	2
43	1	6	1	2
44	1	6	1	2
45	1	5	3	2
46	1	6	1	2
47	1	5	1	2
48	1	5	3	1
49	1	5	1	2
50	1	6	1	2
51	1	6	1	2
52	1	6	1	2
53	1	6	1	2
54	1	5	1	2
55	1	5	1	2
56	1	5	3	2
57	1	5	1	2
58	1	6	1	1
59	1	5	1	2
60	1	6	1	1
61	1	6	1	1
62	1	5	3	1
63	1	6	1	1
64	1	5	1	2
65	1	6	1	1
66	1	5	1	1
67	1	6	1	1
68	1	5	1	1
69	1	6	1	1
70	1	6	1	1
71	1	5	1	1
72	1	6	1	1
73	1	6	1	1
74	1	6	1	1
75	1	6	1	1
76	1	5	3	2
77	1	5	1	1
78	1	6	1	1
79	1	5	3	1
80	1	5	1	1
81	1	5	1	1
82	1	5	3	1
83	1	5	1	1
84	1	5	1	1
85	1	4	3	1
86	1	5	1	1
87	1	5	1	1
88	1	6	1	1
89	1	5	1	1
90	1	6	1	1
91	1	6	1	1
92	1	6	1	1
93	1	5	1	2
94	1	6	1	1
95	1	5	1	1
96	1	5	1	1
97	1	5	1	1
98	1	6	3	1
99	1	5	1	1
100	1	6	3	1
101	1	6	3	1
102	1	5	3	2
103	1	5	1	1
104	1	5	3	1
105	1	5	1	1
106	1	6	3	1
107	1	5	1	1
108	1	5	3	1
109	1	5	1	1
110	1	5	1	1
111	1	5	1	1
112	1	6	1	1
113	1	6	1	1
114	1	5	1	1
115	1	5	1	1
116	1	5	1	1
117	1	6	1	1
118	1	5	1	1
119	1	5	3	1
120	1	6	1	1
121	1	5	3	1
122	1	5	1	1
123	1	5	1	1
124	1	5	1	1
125	1	5	3	1
126	1	5	1	1
127	1	5	1	1
128	1	5	1	1
129	1	5	3	1
130	1	6	1	1
131	1	5	1	2
132	1	3	3	1
133	1	6	1	1
134	1	5	1	1
135	1	5	1	1
136	1	5	1	1
137	1	4	3	1
138	1	5	1	1
139	1	5	1	1
140	1	5	1	1
141	1	5	1	1
142	1	5	3	1
143	1	3	3	1
144	1	5	3	1
145	1	6	1	1
146	1	5	1	1
147	1	5	1	1
148	1	4	3	1
149	1	4	3	1
150	1	5	3	1
151	1	5	3	1
152	1	4	3	1
153	1	6	1	1
154	1	4	3	1
155	1	5	1	1
156	1	5	3	1
157	1	6	1	1
158	1	5	1	1
159	1	4	3	1
160	1	5	3	2
161	1	4	3	1
162	1	6	1	1
163	1	6	1	1
164	1	5	1	1
165	1	5	1	1
166	1	5	1	1
167	1	3	3	1
168	1	5	1	1
169	1	5	3	1
170	1	4	3	1
171	1	3	1	1
172	1	6	1	2
173	1	5	1	1
174	1	4	3	1
175	1	5	1	1
176	1	4	3	1
177	1	5	3	1
178	1	5	1	2
179	1	5	1	2
180	1	5	1	1
181	1	5	1	2
182	1	5	3	2
183	1	4	3	1
184	1	5	1	2
185	1	3	1	1
186	1	5	1	2
187	1	5	1	1
188	1	3	1	1
189	1	4	3	1
190	1	5	1	1
191	1	3	1	1
192	1	3	3	1
193	1	5	1	2
194	1	3	1	1
195	1	3	3	1
196	1	2	1	1
197	1	5	1	1
198	1	1	1	1
199	1	5	1	1
200	1	5	1	1
201	1	5	1	1
202	1	3	3	1
203	1	3	3	1
204	1	1	1	1
205	1	3	1	1
206	1	6	3	1
207	1	5	1	1
208	1	3	3	1
209	1	2	1	1
210	1	5	1	1
211	1	3	3	1
212	1	5	1	2
213	1	5	3	2
214	1	3	3	1
215	1	5	1	2
216	1	5	1	2
217	1	3	1	1
218	1	5	3	2
219	1	5	3	2
220	1	5	1	2
221	1	3	1	1
222	1	5	1	1
223	1	3	3	1
224	1	5	1	2
225	1	5	1	1
226	1	5	1	2
227	1	4	3	1
228	1	2	1	1
229	1	5	1	1
230	1	6	1	2
231	1	3	1	1
232	1	4	3	1
233	1	5	1	2
234	1	2	1	1
235	1	3	3	1
236	1	4	3	1
237	1	4	3	1
238	1	3	1	1
239	1	5	1	1
240	1	5	1	1
241	1	5	3	2
242	1	5	1	1
243	1	5	1	2
244	1	1	1	1
245	1	5	1	1
246	1	3	3	1
247	1	5	1	2
248	1	5	1	2
249	1	3	3	1
250	1	3	1	1
251	1	3	3	1
252	1	3	1	1
253	1	3	3	1
254	1	5	1	1
255	1	1	1	2
256	1	4	3	1
257	1	3	3	1
258	1	5	1	2
259	1	5	3	2
260	1	5	3	2
261	1	3	1	2
262	1	4	3	1
263	1	4	3	1
264	1	1	1	2
265	1	2	1	1
266	1	5	1	2
267	1	3	1	1
268	1	5	1	1
269	1	5	1	1
270	1	3	1	1
271	1	1	3	1
272	1	3	1	1
273	1	5	3	2
274	1	3	3	1
275	1	2	1	1
276	1	3	1	1
277	1	6	1	1
278	1	4	3	1
279	1	1	1	1
280	1	3	3	1
281	1	1	1	1
282	1	3	1	1
283	1	2	3	1
284	1	3	1	1
285	1	5	1	1
286	1	6	1	1
287	1	4	3	1
288	1	2	3	1
289	1	4	3	1
290	1	3	1	1
291	1	3	3	1
292	1	1	3	2
293	1	4	3	2
294	1	5	1	2
295	1	5	1	2
296	1	5	1	2
297	1	4	3	1
298	1	3	1	1
299	1	5	1	2
300	1	5	1	2
301	1	3	1	2
302	1	1	1	1
303	1	6	1	2
304	1	2	1	1
305	1	5	1	2
306	1	4	3	1
307	1	3	1	1
308	1	3	1	1
309	1	5	1	2
310	1	3	1	1
311	1	5	1	2
312	1	2	3	1
313	1	4	3	2
314	1	5	1	2
315	1	5	3	2
316	1	4	3	2
317	1	1	1	1
318	1	3	3	1
319	1	2	3	1
320	1	2	3	1
321	1	3	3	1
322	1	5	1	2
323	1	5	1	2
324	1	5	1	2
325	1	4	3	2
326	1	2	3	2
327	1	2	3	1
328	1	2	3	1
329	1	1	1	1
330	1	3	3	1
331	1	6	1	2
332	1	3	3	1
333	1	2	1	2
334	1	3	1	2
335	1	2	1	2
336	1	5	3	2
337	1	3	1	1
338	1	5	1	1
339	1	5	1	2
340	1	2	1	1
341	1	2	1	1
342	1	2	1	1
343	1	5	1	2
344	1	3	1	2
345	1	6	1	2
346	1	2	3	1
347	1	3	1	2
348	1	4	3	2
349	1	3	3	2
350	1	4	3	2
351	1	4	3	2
352	1	1	1	2
353	1	3	1	1
354	1	3	3	1
355	1	5	1	2
356	1	2	1	2
357	1	5	3	2
358	1	3	3	1
359	1	2	1	1
360	1	2	3	1
361	1	5	1	2
362	1	5	1	2
363	1	4	3	1
364	1	3	3	1
365	1	3	3	1
366	1	3	3	1
367	1	3	1	1
368	1	2	1	1
369	1	4	3	2
370	1	3	1	2
371	1	2	3	1
372	1	4	3	2
373	1	1	1	2
374	1	3	3	2
375	1	5	1	2
376	1	5	1	1
377	1	4	3	2
378	1	4	3	1
379	1	5	1	2
380	1	4	3	2
381	1	1	3	1
382	1	2	1	1
383	1	2	3	1
384	1	3	1	2
385	1	2	1	1
386	1	4	3	2
387	1	1	1	2
388	1	2	1	1
389	1	2	1	1
390	1	3	3	2
391	1	2	1	1
392	1	2	1	1
393	1	1	1	1
394	1	1	1	1
395	1	3	1	2
396	1	6	1	2
397	1	4	3	2
398	1	5	3	2
399	1	3	1	1
400	1	1	1	2
401	1	3	3	2
402	1	2	1	2
403	1	2	1	2
404	1	3	1	2
405	1	3	1	2
406	1	5	1	2
407	1	3	1	2
408	1	3	1	2
409	1	2	1	2
410	1	2	1	1
411	1	2	3	1
412	1	2	1	1
413	1	3	1	2
414	1	5	1	2
415	1	2	1	1
416	1	2	1	2
417	1	2	1	1
418	1	1	1	2
419	1	3	1	2
420	1	5	1	2
421	1	3	1	1
422	1	2	1	2
423	1	2	1	1
424	1	1	1	1
425	1	3	1	2
426	1	4	3	2
427	1	1	1	1
428	1	4	3	2
429	1	6	1	2
430	1	3	1	2
431	1	1	1	1
432	1	1	1	2
433	1	3	1	2
434	1	3	1	2
435	1	2	1	1
436	1	2	1	1
437	1	2	1	1
438	1	2	1	2
439	1	2	1	2
440	1	3	1	1
441	1	3	3	2
442	1	3	1	2
443	1	4	3	2
444	1	3	3	1
445	1	2	1	1
446	1	1	1	2
447	1	1	1	2
448	1	1	1	1
449	1	2	1	1
450	1	3	1	2
451	1	4	3	1
452	1	1	1	2
453	1	1	1	1
454	1	3	1	2
455	1	3	1	2
456	1	1	1	1
457	1	4	3	2
458	1	2	1	2
459	1	2	3	1
460	1	3	1	2
461	1	1	1	1
462	1	1	1	1
463	1	4	3	2
464	1	2	1	2
465	1	3	3	2
466	1	2	1	1
467	1	2	3	1
468	1	1	1	2
469	1	1	1	2
470	1	2	3	2
471	1	2	1	1
472	1	1	1	2
473	1	3	3	2
474	1	1	3	1
475	1	4	3	2
476	1	2	3	1
477	1	2	1	1
478	1	1	3	2
479	1	1	1	1
480	1	2	1	2
481	1	2	1	1
482	1	2	3	1
483	1	2	1	1
484	1	1	1	2
485	1	2	1	2
486	1	1	1	2
487	1	2	3	2
488	1	1	1	1
489	1	4	3	2
490	1	2	1	2
491	1	3	1	1
492	1	1	1	2
493	1	3	1	2
494	1	1	1	1
495	1	2	1	2
496	1	3	1	2
497	1	3	1	2
498	1	5	1	2
499	1	1	1	1
500	1	4	3	2
501	1	2	1	2
502	1	3	1	2
503	1	3	1	2
504	1	1	1	2
505	1	1	1	2
506	1	1	1	1
507	1	1	1	2
508	1	1	1	2
509	1	3	1	2
510	1	5	1	2
511	1	4	3	2
512	1	2	1	2
513	1	2	1	2
514	1	2	1	2
515	1	2	1	1
516	1	1	1	2
517	1	3	3	2
518	1	2	1	1
519	1	1	3	1
520	1	3	1	2
521	1	3	3	2
522	1	2	1	2
523	1	5	1	2
524	1	1	1	2
525	1	1	1	2
526	1	2	1	2
527	1	1	3	1
528	1	4	3	2
529	1	4	3	2
530	1	1	1	2
531	1	6	1	2
532	1	4	3	2
533	1	1	1	2
534	1	1	3	2
535	1	1	1	1
536	1	2	1	2
537	1	1	3	1
538	1	1	1	2
539	1	1	1	1
540	1	1	1	2
541	1	3	1	2
542	1	4	3	1
543	1	2	1	1
544	1	6	1	1
545	1	5	1	1
546	2	10	1	2
547	2	8	1	2
548	2	10	1	2
549	2	11	1	2
550	2	10	1	2
551	2	12	1	2
552	2	11	1	2
553	2	11	1	2
554	2	11	1	2
555	2	11	1	2
556	2	10	1	2
557	2	9	1	2
558	2	10	1	2
559	2	11	1	2
560	2	11	1	2
561	2	12	1	2
562	2	11	1	2
563	2	11	1	2
564	2	11	1	2
565	2	11	1	2
566	2	8	1	2
567	2	10	1	2
568	2	11	1	2
569	2	12	1	2
570	2	11	1	2
571	2	11	1	2
572	2	11	1	2
573	2	9	1	2
574	2	9	1	2
575	2	10	1	2
576	2	9	1	2
577	2	11	1	2
578	2	10	1	2
579	2	12	1	2
580	2	10	1	2
581	2	10	1	2
582	2	11	1	2
583	2	8	1	2
584	2	10	1	2
585	2	10	1	2
586	2	10	1	2
587	2	1	3	2
588	2	11	1	2
589	2	8	1	2
590	2	10	1	2
591	2	9	1	2
592	2	9	1	2
593	2	7	3	2
594	2	10	1	2
595	2	9	1	2
596	2	10	1	2
597	2	9	1	2
598	2	9	1	2
599	2	10	1	2
600	2	11	1	2
601	2	10	1	2
602	2	11	1	2
603	2	9	1	2
604	2	8	1	2
605	2	9	1	2
606	2	11	1	2
607	2	10	1	2
608	2	11	1	2
609	2	10	1	2
610	2	10	1	2
611	2	9	1	2
612	2	11	1	2
613	2	10	1	2
614	2	10	1	2
615	2	10	1	2
616	2	9	1	2
617	2	10	1	2
618	2	12	1	2
619	2	8	1	2
620	2	11	1	2
621	2	10	1	2
622	2	10	1	2
623	2	8	1	2
624	2	8	1	2
625	2	8	1	2
626	2	11	1	2
627	2	8	1	2
628	2	9	1	2
629	2	10	1	2
630	2	8	1	2
631	2	8	1	2
632	2	9	1	2
633	2	8	1	2
634	2	9	1	2
635	2	10	1	2
636	2	10	1	2
637	2	7	3	2
638	2	4	4	2
639	2	8	1	2
640	2	7	3	2
641	2	8	1	2
642	2	8	1	2
643	2	8	1	2
644	2	9	1	2
645	2	9	1	2
646	2	9	1	2
647	2	11	1	2
648	2	9	1	2
649	2	11	1	2
650	2	10	1	2
651	2	9	1	2
652	2	9	1	2
653	2	8	1	2
654	2	8	1	2
655	2	7	3	2
656	2	11	1	2
657	2	5	1	2
658	2	8	1	2
659	2	7	3	2
660	2	11	1	2
661	2	7	3	2
662	2	5	1	2
663	2	11	3	2
664	2	4	4	2
665	2	8	1	2
666	2	9	1	2
667	2	8	1	2
668	2	9	1	2
669	2	9	1	2
670	2	9	1	2
671	2	6	1	2
672	2	8	1	2
673	2	7	3	2
674	2	8	1	2
675	2	6	3	2
676	2	6	1	2
677	2	8	3	2
678	2	8	1	2
679	2	7	3	2
680	2	7	3	2
681	2	7	3	2
682	2	7	3	2
683	2	8	1	2
684	2	7	3	2
685	2	7	3	2
686	2	6	3	2
687	2	7	3	2
688	2	5	1	2
689	2	4	4	2
690	2	7	3	2
691	2	8	1	2
692	2	9	1	2
693	2	6	3	2
694	2	9	1	2
695	2	11	1	2
696	2	7	3	2
697	2	7	3	2
698	2	7	3	2
699	2	7	3	2
700	2	4	4	2
701	2	8	3	2
702	2	7	3	2
703	2	6	1	2
704	2	7	3	2
705	2	8	1	2
706	2	7	3	2
707	2	7	3	2
708	2	7	3	2
709	2	4	4	2
710	2	7	3	2
711	2	7	3	2
712	2	7	3	2
713	2	5	1	2
714	2	11	1	2
715	2	11	1	2
716	2	9	1	2
717	2	6	3	2
718	2	4	4	2
719	2	8	3	2
720	2	5	1	2
721	2	7	3	2
722	2	8	1	2
723	2	11	1	2
724	2	5	3	2
725	2	7	3	2
726	2	4	4	2
727	2	6	3	2
728	2	7	3	2
729	2	7	3	2
730	2	5	1	2
731	2	6	1	2
732	2	7	3	2
733	2	5	1	2
734	2	4	4	2
735	2	6	1	2
736	2	4	4	2
737	2	7	3	2
738	2	11	1	2
739	2	4	4	2
740	2	7	3	2
741	2	7	3	2
742	2	4	4	2
743	2	6	1	2
744	2	7	3	2
745	2	6	1	2
746	2	6	1	2
747	2	4	4	2
748	2	7	3	2
749	2	4	4	2
750	2	6	3	2
751	2	4	4	2
752	2	4	4	2
753	2	4	4	2
754	2	5	1	2
755	2	6	1	2
756	2	7	3	2
757	2	7	3	2
758	2	5	1	2
759	2	5	1	2
760	2	5	1	2
761	2	4	4	2
762	2	5	1	2
763	2	10	1	1
764	2	6	1	2
765	2	11	1	1
766	2	6	1	2
767	2	5	3	2
768	2	6	1	2
769	2	4	4	2
770	2	6	3	2
771	2	11	1	1
772	2	6	1	2
773	2	9	1	1
774	2	4	4	2
775	2	4	4	2
776	2	4	4	2
777	2	6	3	2
778	2	8	1	1
779	2	6	3	2
780	2	5	1	2
781	2	5	1	2
782	2	6	3	2
783	2	4	4	2
784	2	6	1	2
785	2	8	1	1
786	2	8	1	1
787	2	8	1	1
788	2	6	1	1
789	2	4	1	1
790	2	6	1	1
791	2	6	1	1
792	2	8	1	1
793	2	11	1	1
794	2	8	1	1
795	2	5	1	1
796	2	11	1	1
797	2	5	1	2
798	2	4	1	2
799	2	10	1	1
800	2	8	1	1
801	2	6	1	2
802	2	6	1	1
803	2	8	1	1
804	2	5	1	2
805	2	6	1	1
806	2	5	1	2
807	2	6	1	1
808	2	6	1	1
809	2	7	3	1
810	2	6	1	1
811	2	8	1	1
812	2	5	1	2
813	2	5	1	1
814	2	5	1	1
815	2	8	1	1
816	2	11	1	1
817	2	6	1	1
818	2	4	1	1
819	2	5	3	1
820	2	6	3	1
821	2	4	3	1
822	2	6	1	1
823	2	8	1	1
824	2	5	1	1
825	2	10	1	1
826	2	7	3	1
827	2	9	1	1
828	2	12	1	1
829	2	8	1	1
830	2	8	1	1
831	2	5	1	2
832	2	9	1	1
833	2	5	1	2
834	2	11	1	1
835	2	7	3	1
836	2	5	1	1
837	2	10	1	1
838	2	7	3	1
839	2	6	1	1
840	2	6	3	2
841	2	4	1	1
842	2	5	1	2
843	2	12	1	1
844	2	6	1	1
845	2	4	3	1
846	2	4	3	1
847	2	2	1	1
848	2	6	1	1
849	2	7	3	1
850	2	4	1	1
851	2	9	1	1
852	2	10	1	1
853	2	5	1	1
854	2	5	3	1
855	2	7	3	1
856	2	10	1	1
857	2	7	3	2
858	2	9	1	1
859	2	9	3	1
860	2	7	3	1
861	2	6	1	1
862	2	8	1	1
863	2	4	1	1
864	2	7	3	1
865	2	4	4	1
866	2	4	4	2
867	2	4	4	1
868	2	10	1	2
869	2	6	3	1
870	2	5	1	1
871	2	6	3	1
872	2	5	1	1
873	2	7	3	1
874	2	4	1	1
875	2	10	1	1
876	2	5	1	1
877	2	6	1	2
878	2	5	1	1
879	2	10	1	1
880	2	7	3	1
881	2	5	1	2
882	2	5	1	1
883	2	4	4	1
884	2	4	4	1
885	2	11	1	2
886	2	6	3	1
887	2	5	1	1
888	2	6	3	1
889	2	6	1	2
890	2	4	3	1
891	2	6	3	1
892	2	12	1	1
893	2	10	1	1
894	2	6	3	1
895	2	4	4	1
896	2	4	4	2
897	2	5	3	1
898	2	7	3	1
899	2	4	2	1
900	2	5	1	1
901	2	11	1	1
902	2	7	3	1
903	2	10	1	1
904	2	1	1	1
905	2	4	4	2
906	2	6	1	1
907	2	11	1	1
908	2	7	3	1
909	2	6	3	2
910	2	5	1	1
911	2	6	1	1
912	2	7	3	1
913	2	7	3	1
914	2	9	1	1
915	2	8	1	1
916	2	4	1	1
917	2	11	1	1
918	2	7	3	1
919	2	6	3	1
920	2	8	1	1
921	2	8	1	1
922	2	6	1	1
923	2	4	1	1
924	2	5	1	1
925	2	7	3	1
926	2	5	1	1
927	2	10	1	1
928	2	9	1	1
929	2	5	3	1
930	2	5	1	1
931	2	12	1	1
932	2	10	1	1
933	2	7	3	1
934	2	6	3	1
935	2	8	1	1
936	2	3	3	1
937	2	4	3	1
938	2	7	3	1
939	2	5	3	1
940	2	5	3	1
941	2	4	4	1
942	2	6	1	2
943	2	7	3	1
944	2	5	3	1
945	2	7	3	1
946	2	10	1	1
947	2	8	3	1
948	2	8	1	1
949	2	4	4	1
950	2	9	1	1
951	2	10	1	1
952	2	5	3	1
953	2	8	1	1
954	2	3	3	1
955	2	8	1	1
956	2	11	1	1
957	2	12	1	1
958	2	4	3	1
959	2	4	3	1
960	2	4	2	1
961	2	7	3	1
962	2	6	1	2
963	2	12	1	1
964	2	5	3	2
965	2	1	3	1
966	2	6	3	1
967	2	6	1	1
968	2	7	3	1
969	2	7	3	1
970	2	9	1	1
971	2	5	1	1
972	2	12	1	1
973	2	7	3	1
974	2	7	3	1
975	2	2	1	1
976	2	6	1	2
977	2	9	1	1
978	2	9	1	1
979	2	10	1	1
980	2	6	1	1
981	2	11	1	1
982	2	7	3	1
983	2	8	1	1
984	2	5	3	1
985	2	9	1	1
986	2	10	1	1
987	2	3	2	1
988	2	12	3	1
989	2	4	1	1
990	2	5	1	1
991	2	8	1	1
992	2	8	1	1
993	2	4	1	1
994	2	4	2	1
995	2	5	1	1
996	2	5	1	1
997	2	4	2	1
998	2	4	3	1
999	2	10	1	1
1000	2	7	3	1
1001	2	6	3	1
1002	2	4	2	1
1003	2	4	3	1
1004	2	10	1	1
1005	2	9	1	1
1006	2	6	3	1
1007	2	6	3	2
1008	2	6	3	1
1009	2	4	3	1
1010	2	8	1	1
1011	2	4	3	1
1012	2	4	3	1
1013	2	4	3	1
1014	2	8	1	1
1015	2	10	1	1
1016	2	3	2	1
1017	2	7	3	1
1018	2	3	3	1
1019	2	5	3	1
1020	2	8	1	1
1021	2	4	3	1
1022	2	4	4	1
1023	2	10	1	1
1024	2	4	3	1
1025	2	8	1	1
1026	2	10	1	1
1027	2	4	2	1
1028	2	11	1	1
1029	2	7	3	1
1030	2	6	1	1
1031	2	4	1	1
1032	2	1	1	1
1033	2	5	1	1
1034	2	7	3	1
1035	2	5	1	2
1036	2	6	1	1
1037	2	11	1	1
1038	2	4	4	1
1039	2	5	1	1
1040	2	9	1	1
1041	2	5	1	1
1042	2	9	1	1
1043	2	4	3	1
1044	2	8	1	1
1045	2	6	3	1
1046	2	6	1	2
1047	2	4	3	1
1048	2	5	1	1
1049	2	8	1	2
1050	2	4	4	1
1051	2	7	3	1
1052	2	6	1	1
1053	2	6	3	1
1054	2	4	1	1
1055	2	4	2	1
1056	2	9	1	1
1057	2	4	1	1
1058	2	9	1	1
1059	2	3	3	1
1060	2	1	3	1
1061	2	4	2	1
1062	2	6	3	1
1063	2	6	1	2
1064	2	8	3	1
1065	2	4	1	1
1066	2	10	1	1
1067	2	6	3	1
1068	2	4	3	1
1069	2	6	3	1
1070	2	3	3	1
1071	2	9	1	1
1072	2	11	1	1
1073	2	4	1	1
1074	2	9	1	1
1075	2	9	1	1
1076	2	10	1	1
1077	2	10	1	1
1078	2	4	2	1
1079	2	4	4	1
1080	2	4	2	1
1081	2	4	2	1
1082	2	11	1	1
1083	2	4	4	2
1084	2	9	3	1
1085	2	9	1	1
1086	2	9	1	1
1087	2	2	1	1
1088	2	9	1	1
1089	2	4	4	1
1090	2	4	4	1
1091	2	10	1	1
1092	2	4	1	1
1093	2	2	1	1
1094	2	2	3	1
1095	2	4	4	1
1096	2	6	1	1
1097	2	3	2	1
1098	2	9	1	1
1099	2	6	3	1
1100	2	6	3	1
1101	2	4	2	1
1102	2	6	3	1
1103	2	10	1	1
1104	2	11	1	1
1105	2	4	4	1
1106	2	11	1	1
1107	2	7	3	1
1108	2	4	2	1
1109	2	3	3	1
1110	2	7	3	1
1111	2	11	1	1
1112	2	4	3	1
1113	2	11	1	1
1114	2	12	3	1
1115	2	6	1	2
1116	2	3	2	1
1117	2	3	2	1
1118	2	7	3	1
1119	2	4	4	1
1120	2	9	1	1
1121	2	4	2	1
1122	2	10	1	1
1123	2	6	1	1
1124	2	11	1	1
1125	2	5	3	1
1126	2	2	1	1
1127	2	4	4	1
1128	2	4	1	1
1129	2	3	3	1
1130	2	10	1	1
1131	2	4	3	1
1132	2	4	3	2
1133	2	12	3	1
1134	2	4	4	1
1135	2	3	2	1
1136	2	6	3	1
1137	2	4	1	1
1138	2	6	1	2
1139	2	4	1	1
1140	2	6	3	1
1141	2	11	1	1
1142	2	5	1	1
1143	2	11	1	1
1144	2	9	1	1
1145	2	4	4	1
1146	2	11	1	1
1147	2	5	1	2
1148	2	10	1	1
1149	2	6	1	1
1150	2	12	3	1
1151	2	6	1	2
1152	2	3	3	1
1153	2	5	1	2
1154	2	9	1	1
1155	2	4	2	1
1156	2	4	2	1
1157	2	2	1	1
1158	2	10	1	1
1159	2	4	4	1
1160	2	4	3	1
1161	2	4	2	1
1162	2	5	3	1
1163	2	1	3	1
1164	2	3	2	1
1165	2	4	4	1
1166	2	5	1	2
1167	2	6	1	1
1168	2	3	3	1
1169	2	6	3	2
1170	2	3	2	1
1171	2	3	2	1
1172	2	11	1	1
1173	2	9	1	1
1174	2	3	3	1
1175	2	4	4	1
1176	2	9	1	1
1177	2	11	1	1
1178	2	8	3	1
1179	2	5	1	2
1180	2	3	3	1
1181	2	9	1	1
1182	2	3	2	1
1183	2	6	1	1
1184	2	10	1	2
1185	2	11	1	1
1186	2	11	1	1
1187	2	3	2	1
1188	2	1	3	1
1189	2	3	3	1
1190	2	5	1	2
1191	2	4	3	1
1192	2	5	1	2
1193	2	4	2	1
1194	2	4	2	1
1195	2	6	1	2
1196	2	1	3	1
1197	2	2	1	1
1198	2	5	3	2
1199	2	4	4	2
1200	2	3	2	1
1201	2	4	1	1
1202	2	11	1	1
1203	2	11	1	1
1204	2	4	2	1
1205	2	1	3	1
1206	2	11	1	1
1207	2	2	1	1
1208	2	2	1	1
1209	2	4	1	2
1210	2	4	3	1
1211	2	4	1	1
1212	2	6	1	2
1213	2	3	2	1
1214	2	3	3	1
1215	2	4	1	1
1216	2	1	3	1
1217	2	2	1	2
1218	2	2	1	1
1219	2	11	1	1
1220	2	5	3	2
1221	2	12	1	1
1222	2	4	1	1
1223	2	1	3	1
1224	2	4	3	1
1225	2	4	2	1
1226	2	4	2	1
1227	2	4	2	1
1228	2	6	3	2
1229	2	2	1	2
1230	2	6	1	2
1231	2	4	3	2
1232	2	5	1	2
1233	2	4	3	2
1234	2	3	2	1
1235	2	4	2	2
1236	2	3	2	2
1237	2	4	1	2
1238	2	2	1	1
1239	2	4	2	2
1240	2	12	1	1
1241	2	4	1	1
1242	2	4	2	2
1243	2	4	3	2
1244	2	4	3	2
1245	2	6	1	2
1246	2	4	3	2
1247	2	3	3	1
1248	2	4	2	1
1249	2	4	2	2
1250	2	4	1	1
1251	2	3	2	2
1252	2	4	1	2
1253	2	7	3	2
1254	2	4	2	2
1255	2	4	1	2
1256	2	3	2	2
1257	2	6	1	2
1258	2	4	3	2
1259	2	4	3	2
1260	2	2	1	1
1261	2	3	2	2
1262	2	11	1	1
1263	2	4	2	2
1264	2	4	1	2
1265	2	3	2	2
1266	2	4	3	2
1267	2	3	2	2
1268	2	3	2	1
1269	2	4	3	2
1270	2	1	1	1
1271	2	2	1	1
1272	2	3	2	2
1273	2	3	2	2
1274	2	2	1	1
1275	2	3	2	2
1276	2	4	3	2
1277	2	4	1	2
1278	2	2	1	1
1279	2	1	1	2
1280	2	4	1	2
1281	2	4	3	1
1282	2	10	1	2
1283	2	4	3	2
1284	2	4	3	1
1285	2	4	2	2
1286	2	1	1	1
1287	2	1	1	2
1288	2	3	2	2
1289	2	4	2	2
1290	2	4	1	2
1291	2	3	2	2
1292	2	2	1	1
1293	2	2	1	1
1294	2	4	1	2
1295	2	1	1	1
1296	2	3	2	1
1297	2	1	1	1
1298	2	4	1	1
1299	2	4	2	2
1300	2	4	3	1
1301	2	4	2	1
1302	2	1	1	1
1303	2	4	1	2
1304	2	4	1	2
1305	2	4	1	2
1306	2	2	1	2
1307	2	3	2	1
1308	2	3	2	1
1309	2	4	2	2
1310	2	4	1	2
1311	2	10	1	1
1312	2	4	3	2
1313	2	4	3	1
1314	2	4	1	2
1315	2	4	1	2
1316	2	4	3	2
1317	2	3	2	1
1318	2	4	1	2
1319	2	12	1	1
1320	2	4	2	2
1321	2	4	2	1
1322	2	4	3	2
1323	2	12	1	1
1324	2	2	1	2
1325	2	3	2	1
1326	2	1	1	2
1327	2	2	1	2
1328	2	4	1	2
1329	2	2	1	2
1330	2	2	1	1
1331	2	2	1	2
1332	2	4	2	2
1333	2	4	2	2
1334	2	2	1	1
1335	2	1	1	1
1336	2	4	2	2
1337	2	4	2	1
1338	2	4	1	2
1339	2	12	1	1
1340	2	3	2	2
1341	2	4	2	2
1342	2	1	1	1
1343	2	3	2	1
1344	2	2	1	2
1345	2	4	3	2
1346	2	4	2	2
1347	2	4	3	2
1348	2	3	2	1
1349	2	1	3	1
1350	2	3	2	1
1351	2	4	3	2
1352	2	4	2	2
1353	2	4	2	1
1354	2	1	1	1
1355	2	2	1	2
1356	2	1	1	1
1357	2	12	1	1
1358	2	4	3	2
1359	2	4	3	2
1360	2	3	2	1
1361	2	4	3	2
1362	2	3	2	2
1363	2	4	1	2
1364	2	4	3	1
1365	2	12	1	1
1366	2	1	1	1
1367	2	4	2	2
1368	2	1	1	1
1369	2	1	1	1
1370	2	3	2	1
1371	2	12	1	1
1372	2	1	1	1
1373	2	4	3	2
1374	2	2	1	1
1375	2	4	3	2
1376	2	1	1	1
1377	2	4	1	2
1378	2	12	1	1
1379	2	3	2	2
1380	2	1	1	1
1381	2	1	1	2
1382	2	2	1	2
1383	2	2	1	1
1384	2	12	1	2
1385	2	2	1	2
1386	2	10	1	2
1387	2	2	1	2
1388	2	2	1	2
1389	2	2	1	1
1390	2	12	1	1
1391	2	4	3	2
1392	2	1	1	1
1393	2	1	1	1
1394	2	3	2	2
1395	2	3	2	2
1396	2	1	1	2
1397	2	1	1	1
1398	2	3	2	2
1399	2	2	1	2
1400	2	3	2	1
1401	2	1	1	1
1402	2	4	3	2
1403	2	4	1	2
1404	2	1	1	2
1405	2	2	1	2
1406	2	1	1	2
1407	2	2	1	1
1408	2	3	2	2
1409	2	3	2	2
1410	2	1	1	2
1411	2	2	1	2
1412	2	2	1	2
1413	2	7	3	1
1414	2	12	1	1
1415	2	4	2	2
1416	2	2	1	2
1417	2	1	1	1
1418	2	12	1	2
1419	2	4	2	1
1420	2	2	1	1
1421	2	4	3	2
1422	2	2	1	1
1423	2	3	2	2
1424	2	3	2	1
1425	2	2	1	2
1426	2	2	1	2
1427	2	12	1	1
1428	2	1	1	2
1429	2	3	2	2
1430	2	12	1	1
1431	2	1	1	1
1432	2	3	2	1
1433	2	12	1	1
1434	2	4	2	2
1435	2	3	3	1
1436	2	2	1	1
1437	2	12	1	1
1438	2	1	1	1
1439	2	1	1	1
1440	2	1	1	1
1441	2	12	1	1
1442	2	10	1	1
1443	2	12	1	1
1444	2	2	1	2
1445	2	6	1	2
1446	2	3	2	2
1447	2	2	1	2
1448	2	2	1	2
1449	2	2	1	1
1450	2	12	1	1
1451	2	2	1	1
1452	2	2	1	1
1453	2	1	1	1
1454	2	3	2	2
1455	2	1	1	2
1456	2	12	1	1
1457	2	1	1	2
1458	2	1	1	2
1459	2	2	1	2
1460	2	3	2	2
1461	2	12	1	1
1462	2	2	1	2
1463	2	1	1	2
1464	2	2	1	2
1465	2	4	3	2
1466	2	1	1	2
1467	2	1	1	2
1468	2	2	1	2
1469	2	4	3	2
1470	2	11	1	1
1471	2	2	1	2
1472	2	4	1	2
1473	2	12	1	2
1474	2	12	1	2
1475	2	12	1	1
1476	2	12	1	2
1477	2	2	1	1
1478	2	2	1	1
1479	2	1	1	1
1480	2	1	1	2
1481	2	12	1	1
1482	2	1	1	2
1483	2	4	1	2
1484	2	4	3	2
1485	2	12	1	1
1486	2	10	1	1
1487	2	1	1	1
1488	2	3	2	2
1489	2	1	1	2
1490	2	2	1	1
1491	2	12	1	1
1492	2	12	1	2
1493	2	12	1	2
1494	2	1	1	2
1495	2	1	1	2
1496	2	12	1	2
1497	2	2	1	1
1498	2	3	2	2
1499	2	11	1	1
1500	2	12	1	2
1501	2	4	1	2
1502	2	1	1	1
1503	2	12	1	2
1504	2	10	1	2
1505	2	1	1	1
1506	2	2	1	1
1507	2	1	1	1
1508	2	12	1	1
1509	2	12	1	2
1510	2	2	1	1
1511	2	12	1	2
1512	2	2	1	2
1513	2	12	1	2
1514	2	2	1	1
1515	2	1	1	1
1516	2	2	1	2
1517	2	4	3	1
1518	2	11	1	1
1519	2	8	1	1
1520	3	11	1	2
1521	3	11	1	2
1522	3	11	1	2
1523	3	11	1	2
1524	3	11	1	2
1525	3	11	1	2
1526	3	11	1	2
1527	3	9	1	2
1528	3	10	1	2
1529	3	9	1	2
1530	3	11	1	2
1531	3	10	1	2
1532	3	11	1	2
1533	3	12	1	2
1534	3	9	1	2
1535	3	9	1	2
1536	3	11	1	2
1537	3	8	1	2
1538	3	10	1	2
1539	3	9	1	2
1540	3	10	1	2
1541	3	9	1	2
1542	3	9	1	2
1543	3	9	1	2
1544	3	9	1	2
1545	3	10	1	2
1546	3	2	1	2
1547	3	8	1	2
1548	3	11	1	2
1549	3	8	1	2
1550	3	8	1	2
1551	3	11	1	2
1552	3	8	1	2
1553	3	8	1	2
1554	3	8	1	2
1555	3	9	1	2
1556	3	9	1	2
1557	3	9	3	2
1558	3	11	1	2
1559	3	8	1	2
1560	3	9	3	2
1561	3	9	1	2
1562	3	7	1	2
1563	3	11	1	2
1564	3	9	1	2
1565	3	7	1	2
1566	3	8	1	2
1567	3	7	1	2
1568	3	8	1	2
1569	3	8	1	2
1570	3	7	1	2
1571	3	8	1	2
1572	3	9	1	2
1573	3	11	1	2
1574	3	9	1	2
1575	3	9	1	2
1576	3	8	1	2
1577	3	9	1	2
1578	3	8	1	2
1579	3	8	3	2
1580	3	9	1	2
1581	3	7	1	2
1582	3	9	3	2
1583	3	8	1	2
1584	3	11	1	2
1585	3	7	3	2
1586	3	8	1	2
1587	3	8	1	2
1588	3	9	1	2
1589	3	11	1	2
1590	3	8	1	2
1591	3	7	1	2
1592	3	7	3	2
1593	3	9	1	2
1594	3	8	1	2
1595	3	11	1	2
1596	3	11	1	2
1597	3	9	1	2
1598	3	9	1	2
1599	3	8	1	2
1600	3	7	1	2
1601	3	9	1	2
1602	3	9	3	2
1603	3	9	3	2
1604	3	7	1	2
1605	3	9	3	2
1606	3	9	1	2
1607	3	7	3	2
1608	3	7	3	2
1609	3	9	1	2
1610	3	8	1	2
1611	3	7	1	2
1612	3	7	1	2
1613	3	7	1	2
1614	3	7	1	2
1615	3	8	1	2
1616	3	9	1	2
1617	3	7	1	2
1618	3	6	1	2
1619	3	11	1	2
1620	3	7	3	2
1621	3	8	1	2
1622	3	1	1	2
1623	3	6	1	2
1624	3	7	1	2
1625	3	7	1	2
1626	3	7	3	2
1627	3	7	1	2
1628	3	9	1	2
1629	3	6	1	2
1630	3	7	3	2
1631	3	7	3	2
1632	3	7	3	2
1633	3	7	3	2
1634	3	9	1	2
1635	3	7	1	2
1636	3	8	1	2
1637	3	8	3	2
1638	3	8	1	2
1639	3	9	3	2
1640	3	9	3	2
1641	3	7	3	2
1642	3	7	1	2
1643	3	7	3	2
1644	3	7	1	2
1645	3	6	1	2
1646	3	7	1	2
1647	3	6	1	2
1648	3	6	1	2
1649	3	7	1	2
1650	3	7	1	2
1651	3	8	1	2
1652	3	8	1	2
1653	3	6	1	2
1654	3	6	1	2
1655	3	6	1	2
1656	3	8	1	2
1657	3	8	1	2
1658	3	6	1	2
1659	3	6	1	2
1660	3	6	1	2
1661	3	6	1	2
1662	3	9	1	2
1663	3	7	1	2
1664	3	8	1	2
1665	3	6	1	2
1666	3	6	1	2
1667	3	2	1	2
1668	3	6	1	2
1669	3	6	1	2
1670	3	7	3	2
1671	3	4	1	1
1672	3	5	1	2
1673	3	5	1	2
1674	3	6	1	2
1675	3	6	1	2
1676	3	10	1	1
1677	3	7	1	2
1678	3	6	1	2
1679	3	7	1	1
1680	3	6	1	2
1681	3	10	1	2
1682	3	6	1	2
1683	3	7	1	1
1684	3	9	1	2
1685	3	7	1	1
1686	3	8	1	1
1687	3	6	1	1
1688	3	6	1	2
1689	3	11	1	2
1690	3	6	1	2
1691	3	6	1	1
1692	3	10	1	1
1693	3	7	1	1
1694	3	7	1	1
1695	3	6	1	1
1696	3	11	1	1
1697	3	6	1	1
1698	3	7	1	1
1699	3	7	1	1
1700	3	6	1	1
1701	3	7	1	1
1702	3	6	1	1
1703	3	5	1	2
1704	3	7	1	1
1705	3	5	1	1
1706	3	7	1	1
1707	3	6	1	1
1708	3	8	1	1
1709	3	8	1	1
1710	3	6	1	2
1711	3	10	1	1
1712	3	6	1	2
1713	3	7	3	1
1714	3	10	1	2
1715	3	4	1	1
1716	3	7	1	1
1717	3	7	1	1
1718	3	5	1	1
1719	3	5	1	1
1720	3	7	1	1
1721	3	10	1	1
1722	3	4	1	1
1723	3	7	3	1
1724	3	5	1	2
1725	3	7	1	1
1726	3	10	3	1
1727	3	6	1	1
1728	3	8	1	1
1729	3	9	1	1
1730	3	4	1	1
1731	3	6	1	1
1732	3	6	1	1
1733	3	6	1	1
1734	3	6	1	1
1735	3	7	1	1
1736	3	7	1	1
1737	3	5	1	1
1738	3	10	1	1
1739	3	6	1	1
1740	3	6	1	1
1741	3	4	1	1
1742	3	5	1	1
1743	3	4	1	1
1744	3	7	1	1
1745	3	6	1	1
1746	3	6	1	1
1747	3	4	1	1
1748	3	6	1	1
1749	3	9	1	1
1750	3	4	1	1
1751	3	6	1	2
1752	3	4	1	1
1753	3	9	1	1
1754	3	6	1	1
1755	3	11	1	1
1756	3	4	1	1
1757	3	4	1	1
1758	3	5	1	1
1759	3	5	1	1
1760	3	5	1	2
1761	3	6	1	1
1762	3	5	1	1
1763	3	4	1	1
1764	3	1	1	1
1765	3	6	1	1
1766	3	10	1	1
1767	3	7	1	1
1768	3	4	1	1
1769	3	4	1	1
1770	3	10	1	2
1771	3	2	1	1
1772	3	9	1	1
1773	3	7	1	1
1774	3	6	1	1
1775	3	7	1	1
1776	3	9	1	1
1777	3	8	1	1
1778	3	6	1	1
1779	3	6	1	1
1780	3	7	1	1
1781	3	7	1	1
1782	3	8	1	1
1783	3	4	1	1
1784	3	6	1	1
1785	3	5	1	1
1786	3	5	1	1
1787	3	10	1	1
1788	3	6	1	1
1789	3	5	1	1
1790	3	8	1	1
1791	3	6	1	1
1792	3	5	1	1
1793	3	5	1	2
1794	3	10	1	1
1795	3	5	1	2
1796	3	9	1	1
1797	3	5	1	2
1798	3	9	1	1
1799	3	6	1	1
1800	3	3	1	1
1801	3	9	1	1
1802	3	9	1	1
1803	3	9	1	1
1804	3	11	1	2
1805	3	9	1	1
1806	3	9	1	1
1807	3	4	1	2
1808	3	9	1	1
1809	3	4	1	1
1810	3	5	1	1
1811	3	5	1	1
1812	3	8	1	1
1813	3	6	1	1
1814	3	4	1	1
1815	3	9	1	1
1816	3	5	1	1
1817	3	7	1	1
1818	3	5	1	1
1819	3	5	1	1
1820	3	9	1	1
1821	3	5	1	2
1822	3	9	1	1
1823	3	9	3	1
1824	3	5	1	2
1825	3	11	1	1
1826	3	5	1	1
1827	3	6	1	2
1828	3	9	1	1
1829	3	10	1	1
1830	3	4	1	1
1831	3	11	1	1
1832	3	8	1	1
1833	3	9	1	1
1834	3	5	1	1
1835	3	9	1	1
1836	3	3	1	1
1837	3	2	1	1
1838	3	6	1	1
1839	3	11	1	1
1840	3	6	1	2
1841	3	11	1	1
1842	3	3	1	1
1843	3	8	1	1
1844	3	5	1	1
1845	3	3	1	1
1846	3	9	3	1
1847	3	11	1	1
1848	3	8	1	1
1849	3	8	1	1
1850	3	5	1	1
1851	3	5	1	2
1852	3	4	1	1
1853	3	12	1	1
1854	3	11	1	1
1855	3	9	3	1
1856	3	1	3	1
1857	3	7	3	1
1858	3	9	3	1
1859	3	9	1	1
1860	3	9	1	1
1861	3	9	1	1
1862	3	5	1	1
1863	3	3	1	1
1864	3	5	1	1
1865	3	8	1	1
1866	3	11	1	1
1867	3	8	1	1
1868	3	11	1	1
1869	3	11	1	1
1870	3	9	1	1
1871	3	6	1	1
1872	3	11	1	1
1873	3	3	1	1
1874	3	5	1	1
1875	3	7	1	2
1876	3	4	1	1
1877	3	8	1	1
1878	3	9	1	1
1879	3	1	2	1
1880	3	9	1	1
1881	3	7	3	1
1882	3	3	1	1
1883	3	4	1	2
1884	3	5	1	1
1885	3	5	1	2
1886	3	3	1	1
1887	3	8	1	1
1888	3	7	3	1
1889	3	11	1	1
1890	3	5	1	2
1891	3	3	1	1
1892	3	3	1	1
1893	3	5	1	1
1894	3	7	3	1
1895	3	7	3	1
1896	3	5	1	1
1897	3	3	1	1
1898	3	10	1	1
1899	3	4	1	2
1900	3	7	1	1
1901	3	4	1	1
1902	3	3	1	1
1903	3	3	1	1
1904	3	9	1	1
1905	3	9	1	1
1906	3	11	1	1
1907	3	11	1	1
1908	3	3	1	1
1909	3	5	1	2
1910	3	8	1	1
1911	3	5	1	2
1912	3	2	1	1
1913	3	3	1	1
1914	3	5	1	2
1915	3	7	3	1
1916	3	6	1	2
1917	3	3	1	1
1918	3	4	1	2
1919	3	11	1	1
1920	3	5	1	2
1921	3	3	1	1
1922	3	5	1	2
1923	3	3	1	1
1924	3	10	1	2
1925	3	2	1	1
1926	3	2	1	1
1927	3	8	1	1
1928	3	7	1	1
1929	3	9	3	1
1930	3	9	1	1
1931	3	11	1	1
1932	3	5	1	2
1933	3	3	1	1
1934	3	4	1	1
1935	3	3	1	1
1936	3	4	1	1
1937	3	11	1	1
1938	3	4	1	1
1939	3	2	1	1
1940	3	10	1	2
1941	3	8	1	1
1942	3	7	1	2
1943	3	2	1	1
1944	3	5	1	2
1945	3	4	1	2
1946	3	7	3	1
1947	3	4	1	1
1948	3	4	1	2
1949	3	9	1	1
1950	3	5	1	2
1951	3	8	1	1
1952	3	5	1	1
1953	3	5	1	2
1954	3	7	1	1
1955	3	2	3	2
1956	3	2	1	1
1957	3	7	1	1
1958	3	4	1	1
1959	3	1	2	1
1960	3	4	1	2
1961	3	11	1	1
1962	3	3	1	1
1963	3	1	1	2
1964	3	7	1	2
1965	3	3	1	2
1966	3	7	1	2
1967	3	1	2	1
1968	3	2	1	1
1969	3	4	1	2
1970	3	4	1	2
1971	3	4	1	2
1972	3	4	1	2
1973	3	2	1	1
1974	3	3	1	1
1975	3	1	1	1
1976	3	4	1	2
1977	3	4	1	2
1978	3	4	1	1
1979	3	1	1	2
1980	3	4	1	1
1981	3	2	1	1
1982	3	4	1	2
1983	3	10	1	2
1984	3	2	1	1
1985	3	4	1	2
1986	3	3	1	2
1987	3	5	1	2
1988	3	1	1	2
1989	3	4	1	2
1990	3	4	1	2
1991	3	4	1	1
1992	3	11	1	1
1993	3	3	1	2
1994	3	3	1	1
1995	3	4	1	1
1996	3	3	1	2
1997	3	3	1	2
1998	3	5	1	2
1999	3	1	2	2
2000	3	1	1	2
2001	3	1	1	2
2002	3	4	1	2
2003	3	1	1	2
2004	3	3	1	2
2005	3	1	2	2
2006	3	1	2	2
2007	3	1	2	2
2008	3	4	1	2
2009	3	1	1	2
2010	3	11	1	1
2011	3	1	2	2
2012	3	5	1	2
2013	3	2	1	2
2014	3	5	1	2
2015	3	3	1	2
2016	3	1	2	2
2017	3	12	1	2
2018	3	4	1	2
2019	3	1	3	2
2020	3	4	1	2
2021	3	1	1	2
2022	3	1	1	1
2023	3	1	1	2
2024	3	1	1	1
2025	3	2	1	2
2026	3	1	1	1
2027	3	5	1	2
2028	3	4	1	2
2029	3	1	1	2
2030	3	5	1	2
2031	3	4	1	2
2032	3	1	1	1
2033	3	3	1	2
2034	3	1	1	2
2035	3	1	2	2
2036	3	10	1	2
2037	3	1	2	2
2038	3	1	2	2
2039	3	1	3	1
2040	3	7	1	1
2041	3	1	1	1
2042	3	3	1	2
2043	3	1	1	2
2044	3	1	1	2
2045	3	1	1	2
2046	3	1	1	2
2047	3	9	1	1
2048	3	1	1	2
2049	3	2	1	2
2050	3	1	1	2
2051	3	1	1	2
2052	3	10	1	2
2053	3	3	1	1
2054	3	6	1	2
2055	3	1	1	1
2056	3	1	2	2
2057	3	1	1	2
2058	3	1	2	1
2059	3	3	1	2
2060	3	9	1	1
2061	3	1	1	2
2062	3	1	2	2
2063	3	1	1	1
2064	3	1	1	2
2065	3	1	2	2
2066	3	12	1	1
2067	3	1	2	1
2068	3	12	1	1
2069	3	1	1	1
2070	3	1	2	2
2071	3	12	1	1
2072	3	12	1	1
2073	3	2	1	1
2074	3	2	1	1
2075	3	4	1	2
2076	3	12	1	1
2077	3	1	2	1
2078	3	3	1	2
2079	3	1	1	1
2080	3	10	1	2
2081	3	10	1	2
2082	3	12	1	1
2083	3	1	2	2
2084	3	1	2	1
2085	3	2	3	1
2086	3	2	1	1
2087	3	1	2	1
2088	3	10	1	2
2089	3	3	1	2
2090	3	1	1	1
2091	3	1	1	2
2092	3	5	1	2
2093	3	3	1	1
2094	3	2	1	1
2095	3	2	1	2
2096	3	1	2	1
2097	3	1	2	2
2098	3	1	1	1
2099	3	3	1	2
2100	3	3	1	2
2101	3	1	1	1
2102	3	1	3	1
2103	3	1	1	2
2104	3	3	1	2
2105	3	1	2	1
2106	3	1	1	2
2107	3	3	1	2
2108	3	1	2	1
2109	3	1	1	1
2110	3	2	1	2
2111	3	3	1	1
2112	3	3	1	2
2113	3	12	1	1
2114	3	2	1	2
2115	3	10	1	2
2116	3	2	1	2
2117	3	3	1	2
2118	3	2	1	1
2119	3	1	1	2
2120	3	1	1	1
2121	3	1	2	1
2122	3	2	1	1
2123	3	1	1	1
2124	3	2	1	2
2125	3	1	2	2
2126	3	4	1	2
2127	3	3	1	2
2128	3	2	1	2
2129	3	1	1	1
2130	3	1	1	2
2131	3	1	2	1
2132	3	1	2	1
2133	3	2	1	2
2134	3	1	2	2
2135	3	12	1	1
2136	3	2	1	1
2137	3	2	1	2
2138	3	12	1	1
2139	3	1	2	1
2140	3	4	1	2
2141	3	1	2	1
2142	3	1	2	2
2143	3	12	1	1
2144	3	2	1	1
2145	3	3	1	2
2146	3	12	1	1
2147	3	1	2	1
2148	3	1	2	1
2149	3	12	1	1
2150	3	10	1	2
2151	3	2	1	1
2152	3	2	1	2
2153	3	1	2	2
2154	3	3	1	2
2155	3	3	1	2
2156	3	2	1	2
2157	3	2	1	1
2158	3	2	1	1
2159	3	2	1	2
2160	3	1	2	2
2161	3	3	1	2
2162	3	2	1	2
2163	3	11	1	1
2164	3	1	2	2
2165	3	3	1	2
2166	3	2	1	2
2167	3	3	1	2
2168	3	12	1	1
2169	3	1	2	1
2170	3	1	2	1
2171	3	12	1	1
2172	3	12	1	1
2173	3	1	2	1
2174	3	1	2	1
2175	3	12	1	1
2176	3	2	1	1
2177	3	12	1	1
2178	3	1	1	1
2179	3	10	1	2
2180	3	12	1	1
2181	3	1	1	2
2182	3	2	1	1
2183	3	1	1	1
2184	3	10	1	2
2185	3	1	2	1
2186	3	1	2	1
2187	3	2	1	1
2188	3	2	1	2
2189	3	12	1	1
2190	3	1	2	1
2191	3	2	1	1
2192	3	12	1	1
2193	3	12	1	1
2194	3	12	1	1
2195	3	2	1	2
2196	3	1	1	1
2197	3	1	2	1
2198	3	1	1	1
2199	3	3	1	2
2200	3	2	1	2
2201	3	1	2	1
2202	3	10	1	1
2203	3	2	1	2
2204	3	2	1	2
2205	3	12	1	1
2206	3	1	1	1
2207	3	12	1	1
2208	3	12	1	1
2209	3	1	2	1
2210	3	1	1	1
2211	3	3	1	2
2212	3	4	1	1
2213	3	1	2	1
2214	3	1	1	1
2215	3	12	1	1
2216	3	2	1	2
2217	3	1	2	2
2218	3	1	2	1
2219	3	3	1	2
2220	3	12	1	1
2221	3	12	1	1
2222	3	10	1	2
2223	3	1	3	1
2224	3	2	1	2
2225	3	10	1	1
2226	3	1	1	1
2227	3	1	1	1
2228	3	2	1	1
2229	3	3	1	2
2230	3	1	2	1
2231	3	10	1	1
2232	3	2	1	2
2233	3	1	1	1
2234	3	4	1	2
2235	3	2	1	2
2236	3	1	2	2
2237	3	10	1	1
2238	3	10	1	1
2239	3	1	1	1
2240	3	10	1	1
2241	3	10	1	2
2242	3	11	1	2
2243	3	2	1	1
2244	3	1	1	1
2245	3	4	1	2
2246	3	11	1	1
2247	3	2	1	2
2248	3	11	1	1
2249	3	10	1	1
2250	3	10	1	2
2251	3	11	1	1
2252	3	10	1	1
2253	3	3	1	2
2254	3	10	1	1
2255	3	11	1	2
2256	3	10	1	1
2257	3	10	1	1
2258	3	3	1	2
2259	3	10	1	1
2260	3	10	1	1
2261	3	2	1	2
2262	3	3	1	2
2263	3	4	1	2
2264	3	10	1	1
2265	3	11	1	1
2266	3	10	1	1
2267	3	11	1	1
2268	3	11	1	2
2269	3	2	1	2
2270	3	7	1	2
2271	3	11	1	1
2272	3	10	1	1
2273	3	10	1	1
2274	3	10	1	2
2275	3	10	1	2
2276	3	11	1	1
2277	3	10	1	2
2278	3	2	1	2
2279	3	10	1	1
2280	3	10	1	1
2281	3	10	1	1
2282	3	7	1	1
2283	3	7	1	1
2284	4	9	1	2
2285	4	12	1	2
2286	4	7	1	2
2287	4	12	1	2
2288	4	9	1	2
2289	4	9	1	2
2290	4	12	1	2
2291	4	10	1	2
2292	4	12	1	2
2293	4	7	1	2
2294	4	9	1	2
2295	4	12	1	2
2296	4	12	1	2
2297	4	12	1	2
2298	4	12	1	2
2299	4	9	1	2
2300	4	12	1	2
2301	4	9	1	2
2302	4	9	1	2
2303	4	12	1	2
2304	4	12	1	2
2305	4	9	1	2
2306	4	9	1	2
2307	4	9	1	2
2308	4	7	1	2
2309	4	12	1	2
2310	4	9	1	2
2311	4	9	1	2
2312	4	7	1	2
2313	4	9	1	2
2314	4	9	1	2
2315	4	9	1	2
2316	4	9	1	2
2317	4	8	1	2
2318	4	9	1	2
2319	4	9	1	2
2320	4	8	1	2
2321	4	9	1	2
2322	4	11	3	2
2323	4	7	1	2
2324	4	8	1	2
2325	4	9	1	2
2326	4	8	1	2
2327	4	8	1	2
2328	4	7	1	2
2329	4	9	1	2
2330	4	8	1	2
2331	4	9	1	2
2332	4	8	1	2
2333	4	12	1	2
2334	4	8	1	2
2335	4	9	1	2
2336	4	8	1	2
2337	4	9	1	2
2338	4	8	1	2
2339	4	9	1	2
2340	4	7	1	2
2341	4	8	1	2
2342	4	8	1	2
2343	4	7	1	2
2344	4	8	1	2
2345	4	8	1	2
2346	4	7	1	2
2347	4	7	1	2
2348	4	7	1	2
2349	4	11	3	2
2350	4	7	1	2
2351	4	8	1	2
2352	4	9	1	2
2353	4	8	1	2
2354	4	7	1	2
2355	4	8	1	2
2356	4	7	1	2
2357	4	7	1	2
2358	4	7	1	2
2359	4	9	1	2
2360	4	9	1	2
2361	4	7	1	2
2362	4	7	1	2
2363	4	8	1	2
2364	4	9	1	2
2365	4	7	1	2
2366	4	8	1	2
2367	4	7	1	2
2368	4	7	1	2
2369	4	8	1	2
2370	4	7	1	2
2371	4	8	1	2
2372	4	7	1	2
2373	4	9	1	2
2374	4	7	1	2
2375	4	8	1	2
2376	4	7	1	2
2377	4	7	1	2
2378	4	7	1	2
2379	4	7	1	2
2380	4	10	1	2
2381	4	8	1	2
2382	4	8	1	2
2383	4	12	1	2
2384	4	8	1	1
2385	4	7	1	2
2386	4	7	1	2
2387	4	7	1	2
2388	4	7	1	1
2389	4	9	1	1
2390	4	8	1	1
2391	4	12	1	2
2392	4	7	1	2
2393	4	8	1	1
2394	4	8	1	1
2395	4	8	1	2
2396	4	7	1	1
2397	4	8	1	1
2398	4	7	1	1
2399	4	12	1	1
2400	4	7	1	1
2401	4	8	1	1
2402	4	12	1	1
2403	4	8	1	1
2404	4	10	1	2
2405	4	9	1	1
2406	4	7	1	1
2407	4	10	1	1
2408	4	7	1	1
2409	4	8	1	1
2410	4	7	1	1
2411	4	7	1	1
2412	4	9	1	1
2413	4	8	1	1
2414	4	9	1	1
2415	4	7	1	1
2416	4	9	1	1
2417	4	9	1	1
2418	4	7	1	1
2419	4	12	1	1
2420	4	7	1	1
2421	4	12	1	1
2422	4	7	1	1
2423	4	8	1	1
2424	4	7	1	1
2425	4	8	1	1
2426	4	8	1	1
2427	4	8	1	1
2428	4	9	1	1
2429	4	9	1	1
2430	4	9	1	1
2431	4	8	1	1
2432	4	8	1	1
2433	4	8	1	1
2434	4	9	1	1
2435	4	9	1	1
2436	4	12	1	1
2437	4	7	1	1
2438	4	7	1	1
2439	4	9	1	1
2440	4	7	1	2
2441	4	9	1	1
2442	4	7	1	1
2443	4	7	1	1
2444	4	12	1	1
2445	4	11	3	1
2446	4	7	1	1
2447	4	9	1	1
2448	4	9	1	1
2449	4	7	1	1
2450	4	10	1	1
2451	4	7	1	1
2452	4	9	1	1
2453	4	7	1	1
2454	4	12	1	1
2455	4	7	1	1
2456	4	11	3	1
2457	4	8	1	1
2458	4	9	1	1
2459	4	7	1	1
2460	4	9	1	1
2461	4	10	1	1
2462	4	9	1	1
2463	4	7	1	1
2464	4	9	1	1
2465	4	9	1	1
2466	4	8	1	1
2467	4	12	1	1
2468	4	11	3	1
2469	4	8	1	1
2470	4	7	1	1
2471	4	9	1	1
2472	4	7	1	1
2473	4	9	1	1
2474	4	9	1	1
2475	4	7	1	1
2476	4	7	1	1
2477	4	8	1	1
2478	4	7	1	1
2479	4	8	1	2
2480	4	8	1	1
2481	4	8	1	1
2482	4	9	1	1
2483	4	8	1	1
2484	4	9	1	1
2485	4	7	1	1
2486	4	8	1	1
2487	4	8	1	1
2488	4	8	1	1
2489	4	12	1	2
2490	4	8	1	2
2491	4	8	1	1
2492	4	8	1	2
2493	4	9	1	1
2494	4	8	1	1
2495	4	8	1	1
2496	4	7	1	1
2497	4	8	1	1
2498	4	9	1	1
2499	4	10	1	2
2500	4	12	1	2
2501	4	10	1	1
2502	4	12	1	2
2503	4	10	1	2
2504	4	9	1	1
2505	4	12	1	2
2506	4	12	1	2
2507	4	12	1	2
2508	4	12	1	2
2509	4	12	1	2
2510	4	12	1	2
2511	4	12	1	2
2512	4	12	1	2
2513	4	12	1	2
2514	4	12	1	1
2515	4	12	1	2
2516	4	10	1	2
2517	4	12	1	2
2518	4	12	1	2
2519	4	12	1	2
2520	4	10	1	2
2521	4	12	1	1
2522	4	12	1	2
2523	4	12	1	2
2524	4	12	1	2
2525	4	10	1	2
2526	4	12	1	2
2527	4	12	1	1
2528	4	12	1	2
2529	4	12	1	1
2530	4	10	1	2
2531	4	10	1	2
2532	4	10	1	2
2533	4	12	1	1
2534	4	12	1	1
2535	4	12	1	1
2536	4	12	1	1
2537	4	10	1	1
2538	4	12	1	1
2539	4	12	1	1
2540	4	12	1	2
2541	4	12	1	2
2542	4	12	1	1
2543	4	12	1	2
2544	4	12	1	2
2545	4	12	1	2
2546	4	10	1	2
2547	4	12	1	2
2548	4	12	1	2
2549	4	10	1	2
2550	4	10	1	1
2551	4	12	1	2
2552	4	10	1	1
2553	4	12	1	2
2554	4	10	1	1
2555	4	12	1	1
2556	4	12	1	2
2557	4	12	1	1
2558	4	12	1	1
2559	4	12	1	1
2560	4	12	1	1
2561	4	10	1	2
2562	4	12	1	2
2563	4	10	1	1
2564	4	12	1	1
2565	4	12	1	1
2566	4	12	1	1
2567	4	12	1	1
2568	4	12	1	1
2569	4	12	1	1
2570	4	12	1	2
2571	4	10	1	1
2572	4	10	1	1
2573	4	12	1	1
2574	4	12	1	1
2575	4	10	1	1
2576	4	12	1	1
2577	4	12	1	2
2578	4	10	1	1
2579	4	10	1	1
2580	4	10	1	2
2581	4	12	1	1
2582	4	12	1	1
2583	4	12	1	1
2584	4	10	1	2
2585	4	12	1	1
2586	4	12	1	1
2587	4	12	1	2
2588	4	10	1	1
2589	4	12	1	1
2590	4	12	1	1
2591	4	10	1	1
2592	4	10	1	1
2593	4	9	1	1
2594	4	12	1	1
2595	4	10	1	1
2596	4	12	1	1
2597	4	12	1	1
2598	4	12	1	1
2599	4	12	1	1
2600	4	12	1	2
2601	4	12	1	1
2602	4	12	1	1
2603	4	12	1	2
2604	4	12	1	1
2605	4	12	1	1
2606	4	12	1	2
2607	4	10	1	1
2608	4	12	1	1
2609	4	10	1	1
2610	4	12	1	2
2611	4	12	1	1
2612	4	10	1	2
2613	4	12	1	1
2614	4	8	1	1
2615	4	10	1	2
2616	4	10	1	1
2617	4	12	1	1
2618	4	12	1	2
2619	4	10	1	1
2620	4	12	1	2
2621	4	10	1	2
2622	4	10	1	1
2623	4	12	1	1
2624	4	10	1	1
2625	4	10	1	1
2626	4	10	1	1
2627	4	12	1	1
2628	4	10	1	1
2629	4	8	1	1
2630	4	12	1	1
2631	4	12	1	2
2632	4	10	1	1
2633	4	10	1	1
2634	4	10	1	1
2635	4	10	1	2
2636	4	10	1	1
2637	4	10	1	2
2638	4	12	1	1
2639	4	12	1	2
2640	4	10	1	1
2641	4	10	1	2
2642	4	12	1	1
2643	4	10	1	1
2644	4	12	1	1
