Sample	Year	Month	Location	Sex	GSI
1	1	1	1	2	10.4432
2	1	1	3	2	9.8331
3	1	1	1	2	9.7356
4	1	1	1	2	9.3107
5	1	1	1	2	8.9926
6	1	1	1	2	8.7707
7	1	1	1	2	8.2576
8	1	1	3	2	7.4045
9	1	1	3	2	7.2156
10	1	2	1	2	6.8372
11	1	1	1	2	6.3882
12	1	6	1	2	6.3672
13	1	2	1	2	6.2998
14	1	1	1	2	6.0726
15	1	6	1	2	5.8395
16	1	6	1	2	5.807
17	1	6	3	2	5.7774
18	1	1	1	2	5.7757
19	1	5	3	2	5.6484
20	1	5	1	2	5.6141
21	1	5	3	2	5.6017
22	1	6	1	2	5.551
23	1	5	1	2	5.311
24	1	5	1	1	5.297
25	1	6	1	2	5.2253
26	1	6	1	2	5.1667
27	1	6	1	2	5.1405
28	1	6	1	2	5.1292
29	1	6	1	2	5.0782
30	1	6	1	2	5.0612
31	1	5	1	2	5.0097
32	1	6	1	2	4.9745
33	1	6	1	2	4.9172
34	1	2	1	2	4.9041
35	1	5	1	2	4.9009
36	1	6	1	2	4.8783
37	1	5	1	2	4.7918
38	1	6	1	2	4.7862
39	1	5	1	2	4.7681
40	1	6	3	2	4.6603
41	1	6	1	2	4.6148
42	1	6	1	2	4.6108
43	1	6	1	2	4.5811
44	1	6	1	2	4.5528
45	1	5	3	2	4.4897
46	1	6	1	2	4.4573
47	1	5	1	2	4.3419
48	1	5	3	1	4.2968
49	1	5	1	2	4.2676
50	1	6	1	2	4.2048
51	1	6	1	2	4.1981
52	1	6	1	2	4.1006
53	1	6	1	2	4.0654
54	1	5	1	2	3.9219
55	1	5	1	2	3.9197
56	1	5	3	2	3.9141
57	1	5	1	2	3.5899
58	1	6	1	1	3.5008
59	1	5	1	2	3.2541
60	1	6	1	1	3.2487
61	1	6	1	1	3.2304
62	1	5	3	1	3.2263
63	1	6	1	1	3.1848
64	1	5	1	2	3.13
65	1	6	1	1	2.9683
66	1	5	1	1	2.9544
67	1	6	1	1	2.939
68	1	5	1	1	2.9327
69	1	6	1	1	2.8933
70	1	6	1	1	2.8593
71	1	5	1	1	2.8534
72	1	6	1	1	2.8188
73	1	6	1	1	2.8129
74	1	6	1	1	2.8037
75	1	6	1	1	2.7928
76	1	5	3	2	2.7601
77	1	5	1	1	2.6601
78	1	6	1	1	2.6492
79	1	5	3	1	2.6353
80	1	5	1	1	2.6341
81	1	5	1	1	2.6241
82	1	5	3	1	2.6151
83	1	5	1	1	2.6064
84	1	5	1	1	2.5951
85	1	4	3	1	2.5781
86	1	5	1	1	2.5674
87	1	5	1	1	2.5616
88	1	6	1	1	2.5545
89	1	5	1	1	2.5526
90	1	6	1	1	2.499
91	1	6	1	1	2.4789
92	1	6	1	1	2.4606
93	1	5	1	2	2.4559
94	1	6	1	1	2.4425
95	1	5	1	1	2.4356
96	1	5	1	1	2.4238
97	1	5	1	1	2.4145
98	1	6	3	1	2.4062
99	1	5	1	1	2.4038
100	1	6	3	1	2.402
101	1	6	3	1	2.4006
102	1	5	3	2	2.3993
103	1	5	1	1	2.3976
104	1	5	3	1	2.3923
105	1	5	1	1	2.3882
106	1	6	3	1	2.3848
107	1	5	1	1	2.3847
108	1	5	3	1	2.3746
109	1	5	1	1	2.3731
110	1	5	1	1	2.3723
111	1	5	1	1	2.3714
112	1	6	1	1	2.3496
113	1	6	1	1	2.3495
114	1	5	1	1	2.3282
115	1	5	1	1	2.3251
116	1	5	1	1	2.322
117	1	6	1	1	2.3018
118	1	5	1	1	2.3011
119	1	5	3	1	2.3
120	1	6	1	1	2.286
121	1	5	3	1	2.2739
122	1	5	1	1	2.2397
123	1	5	1	1	2.2392
124	1	5	1	1	2.2346
125	1	5	3	1	2.2333
126	1	5	1	1	2.2233
127	1	5	1	1	2.2004
128	1	5	1	1	2.187
129	1	5	3	1	2.1861
130	1	6	1	1	2.1664
131	1	5	1	2	2.1595
132	1	3	3	1	2.1571
133	1	6	1	1	2.1351
134	1	5	1	1	2.1322
135	1	5	1	1	2.0922
136	1	5	1	1	2.0816
137	1	4	3	1	2.0776
138	1	5	1	1	2.0694
139	1	5	1	1	2.0692
140	1	5	1	1	2.0688
141	1	5	1	1	2.058
142	1	5	3	1	2.0413
143	1	3	3	1	2.0259
144	1	5	3	1	2.0219
145	1	6	1	1	2.0017
146	1	5	1	1	1.9842
147	1	5	1	1	1.9821
148	1	4	3	1	1.9814
149	1	4	3	1	1.9621
150	1	5	3	1	1.9606
151	1	5	3	1	1.9531
152	1	4	3	1	1.9021
153	1	6	1	1	1.8667
154	1	4	3	1	1.8623
155	1	5	1	1	1.8468
156	1	5	3	1	1.8295
157	1	6	1	1	1.8123
158	1	5	1	1	1.7984
159	1	4	3	1	1.7695
160	1	5	3	2	1.7658
161	1	4	3	1	1.7217
162	1	6	1	1	1.7187
163	1	6	1	1	1.6963
164	1	5	1	1	1.6953
165	1	5	1	1	1.6927
166	1	5	1	1	1.6779
167	1	3	3	1	1.6679
168	1	5	1	1	1.6669
169	1	5	3	1	1.616
170	1	4	3	1	1.6157
171	1	3	1	1	1.6
172	1	6	1	2	1.5894
173	1	5	1	1	1.5658
174	1	4	3	1	1.5652
175	1	5	1	1	1.5375
176	1	4	3	1	1.5303
177	1	5	3	1	1.5284
178	1	5	1	2	1.528
179	1	5	1	2	1.5168
180	1	5	1	1	1.5011
181	1	5	1	2	1.49
182	1	5	3	2	1.4554
183	1	4	3	1	1.4546
184	1	5	1	2	1.451
185	1	3	1	1	1.4418
186	1	5	1	2	1.437
187	1	5	1	1	1.4348
188	1	3	1	1	1.4332
189	1	4	3	1	1.4224
190	1	5	1	1	1.3878
191	1	3	1	1	1.3794
192	1	3	3	1	1.3694
193	1	5	1	2	1.3402
194	1	3	1	1	1.3306
195	1	3	3	1	1.3258
196	1	2	1	1	1.309
197	1	5	1	1	1.2717
198	1	1	1	1	1.261
199	1	5	1	1	1.2585
200	1	5	1	1	1.2556
201	1	5	1	1	1.2392
202	1	3	3	1	1.2091
203	1	3	3	1	1.2007
204	1	1	1	1	1.1997
205	1	3	1	1	1.1983
206	1	6	3	1	1.181
207	1	5	1	1	1.1784
208	1	3	3	1	1.1496
209	1	2	1	1	1.147
210	1	5	1	1	1.1318
211	1	3	3	1	1.1313
212	1	5	1	2	1.1275
213	1	5	3	2	1.1014
214	1	3	3	1	1.0964
215	1	5	1	2	1.0565
216	1	5	1	2	1.042
217	1	3	1	1	1.0419
218	1	5	3	2	1.04
219	1	5	3	2	1.0375
220	1	5	1	2	1.0286
221	1	3	1	1	1.0226
222	1	5	1	1	1.0218
223	1	3	3	1	1.0215
224	1	5	1	2	1.001
225	1	5	1	1	0.9874
226	1	5	1	2	0.9872
227	1	4	3	1	0.9868
228	1	2	1	1	0.9824
229	1	5	1	1	0.968
230	1	6	1	2	0.9612
231	1	3	1	1	0.9479
232	1	4	3	1	0.9418
233	1	5	1	2	0.9369
234	1	2	1	1	0.9219
235	1	3	3	1	0.9172
236	1	4	3	1	0.9
237	1	4	3	1	0.8954
238	1	3	1	1	0.8877
239	1	5	1	1	0.8876
240	1	5	1	1	0.8761
241	1	5	3	2	0.8734
242	1	5	1	1	0.8567
243	1	5	1	2	0.8398
244	1	1	1	1	0.8373
245	1	5	1	1	0.8111
246	1	3	3	1	0.799
247	1	5	1	2	0.7363
248	1	5	1	2	0.7354
249	1	3	3	1	0.7294
250	1	3	1	1	0.7004
251	1	3	3	1	0.6882
252	1	3	1	1	0.6839
253	1	3	3	1	0.6767
254	1	5	1	1	0.6748
255	1	1	1	2	0.6716
256	1	4	3	1	0.66
257	1	3	3	1	0.6459
258	1	5	1	2	0.6379
259	1	5	3	2	0.6268
260	1	5	3	2	0.6255
261	1	3	1	2	0.6212
262	1	4	3	1	0.5876
263	1	4	3	1	0.5798
264	1	1	1	2	0.5758
265	1	2	1	1	0.5685
266	1	5	1	2	0.5602
267	1	3	1	1	0.556
268	1	5	1	1	0.5558
269	1	5	1	1	0.5556
270	1	3	1	1	0.5533
271	1	1	3	1	0.5518
272	1	3	1	1	0.5493
273	1	5	3	2	0.5463
274	1	3	3	1	0.5444
275	1	2	1	1	0.5318
276	1	3	1	1	0.5307
277	1	6	1	1	0.5175
278	1	4	3	1	0.4943
279	1	1	1	1	0.4921
280	1	3	3	1	0.4832
281	1	1	1	1	0.4808
282	1	3	1	1	0.4774
283	1	2	3	1	0.4756
284	1	3	1	1	0.4653
285	1	5	1	1	0.4506
286	1	6	1	1	0.4377
287	1	4	3	1	0.4259
288	1	2	3	1	0.4132
289	1	4	3	1	0.3976
290	1	3	1	1	0.3905
291	1	3	3	1	0.3904
292	1	1	3	2	0.3828
293	1	4	3	2	0.3763
294	1	5	1	2	0.3759
295	1	5	1	2	0.3659
296	1	5	1	2	0.3541
297	1	4	3	1	0.343
298	1	3	1	1	0.3421
299	1	5	1	2	0.3392
300	1	5	1	2	0.3392
301	1	3	1	2	0.3352
302	1	1	1	1	0.3289
303	1	6	1	2	0.3267
304	1	2	1	1	0.3122
305	1	5	1	2	0.3117
306	1	4	3	1	0.3041
307	1	3	1	1	0.3039
308	1	3	1	1	0.3028
309	1	5	1	2	0.2986
310	1	3	1	1	0.2895
311	1	5	1	2	0.2878
312	1	2	3	1	0.287
313	1	4	3	2	0.2828
314	1	5	1	2	0.2786
315	1	5	3	2	0.2783
316	1	4	3	2	0.2773
317	1	1	1	1	0.2758
318	1	3	3	1	0.2739
319	1	2	3	1	0.2738
320	1	2	3	1	0.2683
321	1	3	3	1	0.265
322	1	5	1	2	0.2642
323	1	5	1	2	0.2641
324	1	5	1	2	0.2638
325	1	4	3	2	0.2636
326	1	2	3	2	0.26
327	1	2	3	1	0.2577
328	1	2	3	1	0.2529
329	1	1	1	1	0.2506
330	1	3	3	1	0.2463
331	1	6	1	2	0.2388
332	1	3	3	1	0.2352
333	1	2	1	2	0.2321
334	1	3	1	2	0.2316
335	1	2	1	2	0.2294
336	1	5	3	2	0.226
337	1	3	1	1	0.2252
338	1	5	1	1	0.2242
339	1	5	1	2	0.2219
340	1	2	1	1	0.2214
341	1	2	1	1	0.2207
342	1	2	1	1	0.2204
343	1	5	1	2	0.22
344	1	3	1	2	0.2199
345	1	6	1	2	0.2191
346	1	2	3	1	0.2189
347	1	3	1	2	0.2178
348	1	4	3	2	0.217
349	1	3	3	2	0.216
350	1	4	3	2	0.2156
351	1	4	3	2	0.2144
352	1	1	1	2	0.2092
353	1	3	1	1	0.2065
354	1	3	3	1	0.2061
355	1	5	1	2	0.2056
356	1	2	1	2	0.2046
357	1	5	3	2	0.2034
358	1	3	3	1	0.2028
359	1	2	1	1	0.2024
360	1	2	3	1	0.1985
361	1	5	1	2	0.1979
362	1	5	1	2	0.1938
363	1	4	3	1	0.1935
364	1	3	3	1	0.1893
365	1	3	3	1	0.1892
366	1	3	3	1	0.1887
367	1	3	1	1	0.1875
368	1	2	1	1	0.1859
369	1	4	3	2	0.1847
370	1	3	1	2	0.1842
371	1	2	3	1	0.1827
372	1	4	3	2	0.1815
373	1	1	1	2	0.1792
374	1	3	3	2	0.1782
375	1	5	1	2	0.1775
376	1	5	1	1	0.175
377	1	4	3	2	0.1714
378	1	4	3	1	0.1681
379	1	5	1	2	0.1681
380	1	4	3	2	0.1664
381	1	1	3	1	0.1661
382	1	2	1	1	0.1657
383	1	2	3	1	0.1654
384	1	3	1	2	0.164
385	1	2	1	1	0.1621
386	1	4	3	2	0.162
387	1	1	1	2	0.1618
388	1	2	1	1	0.1611
389	1	2	1	1	0.1589
390	1	3	3	2	0.1569
391	1	2	1	1	0.1555
392	1	2	1	1	0.1549
393	1	1	1	1	0.1543
394	1	1	1	1	0.1541
395	1	3	1	2	0.1516
396	1	6	1	2	0.1504
397	1	4	3	2	0.1503
398	1	5	3	2	0.1497
399	1	3	1	1	0.1492
400	1	1	1	2	0.149
401	1	3	3	2	0.1473
402	1	2	1	2	0.1472
403	1	2	1	2	0.1466
404	1	3	1	2	0.1465
405	1	3	1	2	0.1436
406	1	5	1	2	0.1433
407	1	3	1	2	0.1415
408	1	3	1	2	0.1412
409	1	2	1	2	0.1405
410	1	2	1	1	0.1402
411	1	2	3	1	0.1401
412	1	2	1	1	0.14
413	1	3	1	2	0.1399
414	1	5	1	2	0.1398
415	1	2	1	1	0.1395
416	1	2	1	2	0.1392
417	1	2	1	1	0.139
418	1	1	1	2	0.1379
419	1	3	1	2	0.137
420	1	5	1	2	0.1352
421	1	3	1	1	0.1347
422	1	2	1	2	0.1346
423	1	2	1	1	0.1344
424	1	1	1	1	0.134
425	1	3	1	2	0.1337
426	1	4	3	2	0.1336
427	1	1	1	1	0.133
428	1	4	3	2	0.132
429	1	6	1	2	0.1319
430	1	3	1	2	0.1318
431	1	1	1	1	0.1316
432	1	1	1	2	0.1307
433	1	3	1	2	0.1298
434	1	3	1	2	0.127
435	1	2	1	1	0.1261
436	1	2	1	1	0.1261
437	1	2	1	1	0.1239
438	1	2	1	2	0.1218
439	1	2	1	2	0.1218
440	1	3	1	1	0.1212
441	1	3	3	2	0.1205
442	1	3	1	2	0.1201
443	1	4	3	2	0.1191
444	1	3	3	1	0.1186
445	1	2	1	1	0.1181
446	1	1	1	2	0.1177
447	1	1	1	2	0.1169
448	1	1	1	1	0.1162
449	1	2	1	1	0.1121
450	1	3	1	2	0.11
451	1	4	3	1	0.1079
452	1	1	1	2	0.1069
453	1	1	1	1	0.1069
454	1	3	1	2	0.1067
455	1	3	1	2	0.1066
456	1	1	1	1	0.1061
457	1	4	3	2	0.1048
458	1	2	1	2	0.1025
459	1	2	3	1	0.1014
460	1	3	1	2	0.1006
461	1	1	1	1	0.0987
462	1	1	1	1	0.0969
463	1	4	3	2	0.0966
464	1	2	1	2	0.0941
465	1	3	3	2	0.0934
466	1	2	1	1	0.0929
467	1	2	3	1	0.0928
468	1	1	1	2	0.0922
469	1	1	1	2	0.0921
470	1	2	3	2	0.0916
471	1	2	1	1	0.0907
472	1	1	1	2	0.0903
473	1	3	3	2	0.0899
474	1	1	3	1	0.0888
475	1	4	3	2	0.0882
476	1	2	3	1	0.0881
477	1	2	1	1	0.0877
478	1	1	3	2	0.0873
479	1	1	1	1	0.0866
480	1	2	1	2	0.0835
481	1	2	1	1	0.0827
482	1	2	3	1	0.0817
483	1	2	1	1	0.0817
484	1	1	1	2	0.0812
485	1	2	1	2	0.0812
486	1	1	1	2	0.0803
487	1	2	3	2	0.0799
488	1	1	1	1	0.079
489	1	4	3	2	0.0784
490	1	2	1	2	0.0775
491	1	3	1	1	0.0774
492	1	1	1	2	0.0765
493	1	3	1	2	0.0758
494	1	1	1	1	0.0738
495	1	2	1	2	0.0732
496	1	3	1	2	0.0725
497	1	3	1	2	0.0725
498	1	5	1	2	0.0723
499	1	1	1	1	0.0711
500	1	4	3	2	0.0706
501	1	2	1	2	0.0705
502	1	3	1	2	0.0703
503	1	3	1	2	0.0669
504	1	1	1	2	0.0667
505	1	1	1	2	0.0659
506	1	1	1	1	0.0647
507	1	1	1	2	0.0634
508	1	1	1	2	0.0631
509	1	3	1	2	0.0616
510	1	5	1	2	0.0613
511	1	4	3	2	0.0602
512	1	2	1	2	0.0594
513	1	2	1	2	0.0592
514	1	2	1	2	0.0583
515	1	2	1	1	0.0554
516	1	1	1	2	0.0553
517	1	3	3	2	0.0536
518	1	2	1	1	0.053
519	1	1	3	1	0.0526
520	1	3	1	2	0.0524
521	1	3	3	2	0.0503
522	1	2	1	2	0.05
523	1	5	1	2	0.05
524	1	1	1	2	0.0488
525	1	1	1	2	0.0478
526	1	2	1	2	0.0476
527	1	1	3	1	0.047
528	1	4	3	2	0.0456
529	1	4	3	2	0.0423
530	1	1	1	2	0.0419
531	1	6	1	2	0.0411
532	1	4	3	2	0.041
533	1	1	1	2	0.0408
534	1	1	3	2	0.0378
535	1	1	1	1	0.0375
536	1	2	1	2	0.0362
537	1	1	3	1	0.0334
538	1	1	1	2	0.0319
539	1	1	1	1	0.0276
540	1	1	1	2	0.0258
541	1	3	1	2	0.0239
542	1	4	3	1	0.0218
543	1	2	1	1	0.019
544	1	6	1	1	0.0167
545	1	5	1	1	0.0131
546	2	10	1	2	14.6
547	2	8	1	2	13.3074
548	2	10	1	2	11.225
549	2	11	1	2	11.1708
550	2	10	1	2	10.7293
551	2	12	1	2	10.6573
552	2	11	1	2	10.6325
553	2	11	1	2	10.59
554	2	11	1	2	10.4276
555	2	11	1	2	10.2038
556	2	10	1	2	10.1988
557	2	9	1	2	10.1976
558	2	10	1	2	10.1789
559	2	11	1	2	10.1307
560	2	11	1	2	10.1166
561	2	12	1	2	10.0938
562	2	11	1	2	10.0905
563	2	11	1	2	10.0262
564	2	11	1	2	9.972
565	2	11	1	2	9.93
566	2	8	1	2	9.9144
567	2	10	1	2	9.7788
568	2	11	1	2	9.7327
569	2	12	1	2	9.7176
570	2	11	1	2	9.7035
571	2	11	1	2	9.6587
572	2	11	1	2	9.4322
573	2	9	1	2	9.3054
574	2	9	1	2	9.2767
575	2	10	1	2	9.2433
576	2	9	1	2	9.1313
577	2	11	1	2	9.0969
578	2	10	1	2	9.0965
579	2	12	1	2	9.0909
580	2	10	1	2	9.0322
581	2	10	1	2	9.0079
582	2	11	1	2	8.9569
583	2	8	1	2	8.9543
584	2	10	1	2	8.9538
585	2	10	1	2	8.9294
586	2	10	1	2	8.9104
587	2	1	3	2	8.9062
588	2	11	1	2	8.8865
589	2	8	1	2	8.879
590	2	10	1	2	8.8491
591	2	9	1	2	8.8315
592	2	9	1	2	8.8053
593	2	7	3	2	8.8048
594	2	10	1	2	8.8013
595	2	9	1	2	8.7673
596	2	10	1	2	8.7549
597	2	9	1	2	8.7542
598	2	9	1	2	8.7367
599	2	10	1	2	8.7097
600	2	11	1	2	8.664
601	2	10	1	2	8.6215
602	2	11	1	2	8.6
603	2	9	1	2	8.5628
604	2	8	1	2	8.5152
605	2	9	1	2	8.5134
606	2	11	1	2	8.4985
607	2	10	1	2	8.4758
608	2	11	1	2	8.4266
609	2	10	1	2	8.4189
610	2	10	1	2	8.4173
611	2	9	1	2	8.3025
612	2	11	1	2	8.2971
613	2	10	1	2	8.2877
614	2	10	1	2	8.2424
615	2	10	1	2	8.2401
616	2	9	1	2	8.1204
617	2	10	1	2	8.0685
618	2	12	1	2	8.0288
619	2	8	1	2	8.0225
620	2	11	1	2	8.0076
621	2	10	1	2	7.945
622	2	10	1	2	7.9392
623	2	8	1	2	7.9077
624	2	8	1	2	7.9034
625	2	8	1	2	7.8582
626	2	11	1	2	7.8447
627	2	8	1	2	7.8097
628	2	9	1	2	7.7826
629	2	10	1	2	7.7584
630	2	8	1	2	7.7181
631	2	8	1	2	7.678
632	2	9	1	2	7.6166
633	2	8	1	2	7.604
634	2	9	1	2	7.5614
635	2	10	1	2	7.5339
636	2	10	1	2	7.5299
637	2	7	3	2	7.5255
638	2	4	4	2	7.5117
639	2	8	1	2	7.5004
640	2	7	3	2	7.4852
641	2	8	1	2	7.4599
642	2	8	1	2	7.4558
643	2	8	1	2	7.4291
644	2	9	1	2	7.4249
645	2	9	1	2	7.4224
646	2	9	1	2	7.4135
647	2	11	1	2	7.4016
648	2	9	1	2	7.3868
649	2	11	1	2	7.3199
650	2	10	1	2	7.2993
651	2	9	1	2	7.2794
652	2	9	1	2	7.2709
653	2	8	1	2	7.2448
654	2	8	1	2	7.1947
655	2	7	3	2	7.1582
656	2	11	1	2	7.1026
657	2	5	1	2	7.0812
658	2	8	1	2	7.0273
659	2	7	3	2	7.0265
660	2	11	1	2	7.0214
661	2	7	3	2	6.9979
662	2	5	1	2	6.9136
663	2	11	3	2	6.9135
664	2	4	4	2	6.911
665	2	8	1	2	6.9016
666	2	9	1	2	6.8942
667	2	8	1	2	6.8237
668	2	9	1	2	6.7927
669	2	9	1	2	6.7219
670	2	9	1	2	6.711
671	2	6	1	2	6.7063
672	2	8	1	2	6.6955
673	2	7	3	2	6.6588
674	2	8	1	2	6.6495
675	2	6	3	2	6.5806
676	2	6	1	2	6.5679
677	2	8	3	2	6.5431
678	2	8	1	2	6.4971
679	2	7	3	2	6.4719
680	2	7	3	2	6.4449
681	2	7	3	2	6.3901
682	2	7	3	2	6.383
683	2	8	1	2	6.3081
684	2	7	3	2	6.3078
685	2	7	3	2	6.2636
686	2	6	3	2	6.2545
687	2	7	3	2	6.2097
688	2	5	1	2	6.1898
689	2	4	4	2	6.1536
690	2	7	3	2	6.152
691	2	8	1	2	6.139
692	2	9	1	2	6.1292
693	2	6	3	2	6.1186
694	2	9	1	2	6.0948
695	2	11	1	2	6.0284
696	2	7	3	2	6.0248
697	2	7	3	2	6.0235
698	2	7	3	2	6.0143
699	2	7	3	2	6.0088
700	2	4	4	2	5.9291
701	2	8	3	2	5.9063
702	2	7	3	2	5.8643
703	2	6	1	2	5.8346
704	2	7	3	2	5.8089
705	2	8	1	2	5.7561
706	2	7	3	2	5.7408
707	2	7	3	2	5.7189
708	2	7	3	2	5.7174
709	2	4	4	2	5.6927
710	2	7	3	2	5.6646
711	2	7	3	2	5.6126
712	2	7	3	2	5.5757
713	2	5	1	2	5.5693
714	2	11	1	2	5.5599
715	2	11	1	2	5.5434
716	2	9	1	2	5.5
717	2	6	3	2	5.485
718	2	4	4	2	5.4841
719	2	8	3	2	5.4529
720	2	5	1	2	5.4476
721	2	7	3	2	5.4454
722	2	8	1	2	5.4329
723	2	11	1	2	5.4161
724	2	5	3	2	5.4065
725	2	7	3	2	5.3348
726	2	4	4	2	5.3312
727	2	6	3	2	5.3281
728	2	7	3	2	5.32
729	2	7	3	2	5.2834
730	2	5	1	2	5.282
731	2	6	1	2	5.2475
732	2	7	3	2	5.2422
733	2	5	1	2	5.189
734	2	4	4	2	5.1216
735	2	6	1	2	5.0929
736	2	4	4	2	5.0718
737	2	7	3	2	5.0496
738	2	11	1	2	5.0368
739	2	4	4	2	5.0271
740	2	7	3	2	4.9942
741	2	7	3	2	4.9345
742	2	4	4	2	4.9102
743	2	6	1	2	4.9
744	2	7	3	2	4.8643
745	2	6	1	2	4.8603
746	2	6	1	2	4.8378
747	2	4	4	2	4.7322
748	2	7	3	2	4.7244
749	2	4	4	2	4.7208
750	2	6	3	2	4.6941
751	2	4	4	2	4.6708
752	2	4	4	2	4.6544
753	2	4	4	2	4.5635
754	2	5	1	2	4.5419
755	2	6	1	2	4.437
756	2	7	3	2	4.4284
757	2	7	3	2	4.4048
758	2	5	1	2	4.3976
759	2	5	1	2	4.347
760	2	5	1	2	4.3077
761	2	4	4	2	4.2684
762	2	5	1	2	4.2373
763	2	10	1	1	4.2144
764	2	6	1	2	4.2037
765	2	11	1	1	4.1906
766	2	6	1	2	4.128
767	2	5	3	2	4.0954
768	2	6	1	2	4.0436
769	2	4	4	2	3.9318
770	2	6	3	2	3.8958
771	2	11	1	1	3.8598
772	2	6	1	2	3.8577
773	2	9	1	1	3.804
774	2	4	4	2	3.7853
775	2	4	4	2	3.7213
776	2	4	4	2	3.5885
777	2	6	3	2	3.5856
778	2	8	1	1	3.5826
779	2	6	3	2	3.5465
780	2	5	1	2	3.5327
781	2	5	1	2	3.4815
782	2	6	3	2	3.4803
783	2	4	4	2	3.4779
784	2	6	1	2	3.4387
785	2	8	1	1	3.3895
786	2	8	1	1	3.3839
787	2	8	1	1	3.3324
788	2	6	1	1	3.2799
789	2	4	1	1	3.2536
790	2	6	1	1	3.2492
791	2	6	1	1	3.2383
792	2	8	1	1	3.2333
793	2	11	1	1	3.2161
794	2	8	1	1	3.1991
795	2	5	1	1	3.1264
796	2	11	1	1	3.1242
797	2	5	1	2	3.1201
798	2	4	1	2	3.0638
799	2	10	1	1	3.0116
800	2	8	1	1	2.9792
801	2	6	1	2	2.9623
802	2	6	1	1	2.9531
803	2	8	1	1	2.9504
804	2	5	1	2	2.9428
805	2	6	1	1	2.8932
806	2	5	1	2	2.893
807	2	6	1	1	2.8892
808	2	6	1	1	2.865
809	2	7	3	1	2.8257
810	2	6	1	1	2.8067
811	2	8	1	1	2.7965
812	2	5	1	2	2.7759
813	2	5	1	1	2.7649
814	2	5	1	1	2.7588
815	2	8	1	1	2.7189
816	2	11	1	1	2.7134
817	2	6	1	1	2.7084
818	2	4	1	1	2.7035
819	2	5	3	1	2.7023
820	2	6	3	1	2.6864
821	2	4	3	1	2.6559
822	2	6	1	1	2.6494
823	2	8	1	1	2.6463
824	2	5	1	1	2.6269
825	2	10	1	1	2.6265
826	2	7	3	1	2.603
827	2	9	1	1	2.5842
828	2	12	1	1	2.569
829	2	8	1	1	2.568
830	2	8	1	1	2.555
831	2	5	1	2	2.5483
832	2	9	1	1	2.5396
833	2	5	1	2	2.521
834	2	11	1	1	2.502
835	2	7	3	1	2.496
836	2	5	1	1	2.4848
837	2	10	1	1	2.4796
838	2	7	3	1	2.4732
839	2	6	1	1	2.4703
840	2	6	3	2	2.4701
841	2	4	1	1	2.436
842	2	5	1	2	2.4307
843	2	12	1	1	2.4254
844	2	6	1	1	2.4221
845	2	4	3	1	2.4193
846	2	4	3	1	2.4151
847	2	2	1	1	2.4094
848	2	6	1	1	2.409
849	2	7	3	1	2.4
850	2	4	1	1	2.4
851	2	9	1	1	2.3826
852	2	10	1	1	2.3697
853	2	5	1	1	2.3689
854	2	5	3	1	2.3632
855	2	7	3	1	2.3571
856	2	10	1	1	2.3504
857	2	7	3	2	2.3484
858	2	9	1	1	2.3468
859	2	9	3	1	2.3456
860	2	7	3	1	2.3423
861	2	6	1	1	2.3414
862	2	8	1	1	2.329
863	2	4	1	1	2.3209
864	2	7	3	1	2.3194
865	2	4	4	1	2.319
866	2	4	4	2	2.3173
867	2	4	4	1	2.3154
868	2	10	1	2	2.3117
869	2	6	3	1	2.2992
870	2	5	1	1	2.29
871	2	6	3	1	2.289
872	2	5	1	1	2.2888
873	2	7	3	1	2.2852
874	2	4	1	1	2.2779
875	2	10	1	1	2.272
876	2	5	1	1	2.2706
877	2	6	1	2	2.2665
878	2	5	1	1	2.255
879	2	10	1	1	2.252
880	2	7	3	1	2.251
881	2	5	1	2	2.2506
882	2	5	1	1	2.2494
883	2	4	4	1	2.2451
884	2	4	4	1	2.2393
885	2	11	1	2	2.2375
886	2	6	3	1	2.2339
887	2	5	1	1	2.2302
888	2	6	3	1	2.2302
889	2	6	1	2	2.2294
890	2	4	3	1	2.2184
891	2	6	3	1	2.2135
892	2	12	1	1	2.2048
893	2	10	1	1	2.1835
894	2	6	3	1	2.1727
895	2	4	4	1	2.1721
896	2	4	4	2	2.1643
897	2	5	3	1	2.1564
898	2	7	3	1	2.1554
899	2	4	2	1	2.1478
900	2	5	1	1	2.1454
901	2	11	1	1	2.1439
902	2	7	3	1	2.1304
903	2	10	1	1	2.1282
904	2	1	1	1	2.1271
905	2	4	4	2	2.1256
906	2	6	1	1	2.1238
907	2	11	1	1	2.1196
908	2	7	3	1	2.1129
909	2	6	3	2	2.1115
910	2	5	1	1	2.1114
911	2	6	1	1	2.1047
912	2	7	3	1	2.1038
913	2	7	3	1	2.0966
914	2	9	1	1	2.0756
915	2	8	1	1	2.0749
916	2	4	1	1	2.0739
917	2	11	1	1	2.0737
918	2	7	3	1	2.0617
919	2	6	3	1	2.0602
920	2	8	1	1	2.0575
921	2	8	1	1	2.0431
922	2	6	1	1	2.0397
923	2	4	1	1	2.0371
924	2	5	1	1	2.0327
925	2	7	3	1	2.0273
926	2	5	1	1	2.0221
927	2	10	1	1	2.0191
928	2	9	1	1	2.0055
929	2	5	3	1	1.9916
930	2	5	1	1	1.9895
931	2	12	1	1	1.9881
932	2	10	1	1	1.9869
933	2	7	3	1	1.9832
934	2	6	3	1	1.9804
935	2	8	1	1	1.9753
936	2	3	3	1	1.9749
937	2	4	3	1	1.9736
938	2	7	3	1	1.9686
939	2	5	3	1	1.9477
940	2	5	3	1	1.9355
941	2	4	4	1	1.9303
942	2	6	1	2	1.9168
943	2	7	3	1	1.9115
944	2	5	3	1	1.9009
945	2	7	3	1	1.8922
946	2	10	1	1	1.8892
947	2	8	3	1	1.8816
948	2	8	1	1	1.8812
949	2	4	4	1	1.8762
950	2	9	1	1	1.8723
951	2	10	1	1	1.8715
952	2	5	3	1	1.8639
953	2	8	1	1	1.8637
954	2	3	3	1	1.858
955	2	8	1	1	1.8573
956	2	11	1	1	1.8508
957	2	12	1	1	1.8493
958	2	4	3	1	1.8493
959	2	4	3	1	1.849
960	2	4	2	1	1.8437
961	2	7	3	1	1.8413
962	2	6	1	2	1.841
963	2	12	1	1	1.8365
964	2	5	3	2	1.8358
965	2	1	3	1	1.8265
966	2	6	3	1	1.8201
967	2	6	1	1	1.8173
968	2	7	3	1	1.8169
969	2	7	3	1	1.8149
970	2	9	1	1	1.8121
971	2	5	1	1	1.8105
972	2	12	1	1	1.8052
973	2	7	3	1	1.8042
974	2	7	3	1	1.7939
975	2	2	1	1	1.7916
976	2	6	1	2	1.783
977	2	9	1	1	1.7814
978	2	9	1	1	1.7798
979	2	10	1	1	1.7679
980	2	6	1	1	1.7654
981	2	11	1	1	1.7638
982	2	7	3	1	1.7584
983	2	8	1	1	1.7573
984	2	5	3	1	1.7569
985	2	9	1	1	1.7565
986	2	10	1	1	1.7509
987	2	3	2	1	1.7441
988	2	12	3	1	1.7403
989	2	4	1	1	1.7374
990	2	5	1	1	1.7279
991	2	8	1	1	1.725
992	2	8	1	1	1.7231
993	2	4	1	1	1.7095
994	2	4	2	1	1.7088
995	2	5	1	1	1.6981
996	2	5	1	1	1.6972
997	2	4	2	1	1.6887
998	2	4	3	1	1.6842
999	2	10	1	1	1.6798
1000	2	7	3	1	1.6773
1001	2	6	3	1	1.6757
1002	2	4	2	1	1.6756
1003	2	4	3	1	1.6677
1004	2	10	1	1	1.6665
1005	2	9	1	1	1.6569
1006	2	6	3	1	1.647
1007	2	6	3	2	1.6434
1008	2	6	3	1	1.6369
1009	2	4	3	1	1.6362
1010	2	8	1	1	1.6339
1011	2	4	3	1	1.6271
1012	2	4	3	1	1.6181
1013	2	4	3	1	1.6029
1014	2	8	1	1	1.6019
1015	2	10	1	1	1.598
1016	2	3	2	1	1.5924
1017	2	7	3	1	1.5875
1018	2	3	3	1	1.5849
1019	2	5	3	1	1.5675
1020	2	8	1	1	1.5648
1021	2	4	3	1	1.5648
1022	2	4	4	1	1.5572
1023	2	10	1	1	1.5565
1024	2	4	3	1	1.556
1025	2	8	1	1	1.5558
1026	2	10	1	1	1.5537
1027	2	4	2	1	1.5511
1028	2	11	1	1	1.5495
1029	2	7	3	1	1.5489
1030	2	6	1	1	1.5076
1031	2	4	1	1	1.5064
1032	2	1	1	1	1.496
1033	2	5	1	1	1.4882
1034	2	7	3	1	1.4822
1035	2	5	1	2	1.4806
1036	2	6	1	1	1.4774
1037	2	11	1	1	1.4619
1038	2	4	4	1	1.4616
1039	2	5	1	1	1.4599
1040	2	9	1	1	1.4595
1041	2	5	1	1	1.4593
1042	2	9	1	1	1.4565
1043	2	4	3	1	1.4526
1044	2	8	1	1	1.4433
1045	2	6	3	1	1.4415
1046	2	6	1	2	1.4373
1047	2	4	3	1	1.436
1048	2	5	1	1	1.4353
1049	2	8	1	2	1.4274
1050	2	4	4	1	1.4265
1051	2	7	3	1	1.425
1052	2	6	1	1	1.4226
1053	2	6	3	1	1.4199
1054	2	4	1	1	1.4111
1055	2	4	2	1	1.4027
1056	2	9	1	1	1.378
1057	2	4	1	1	1.3639
1058	2	9	1	1	1.356
1059	2	3	3	1	1.354
1060	2	1	3	1	1.3431
1061	2	4	2	1	1.3344
1062	2	6	3	1	1.3344
1063	2	6	1	2	1.3301
1064	2	8	3	1	1.3296
1065	2	4	1	1	1.3225
1066	2	10	1	1	1.317
1067	2	6	3	1	1.3024
1068	2	4	3	1	1.2938
1069	2	6	3	1	1.2921
1070	2	3	3	1	1.2878
1071	2	9	1	1	1.2746
1072	2	11	1	1	1.274
1073	2	4	1	1	1.2738
1074	2	9	1	1	1.2643
1075	2	9	1	1	1.2627
1076	2	10	1	1	1.2578
1077	2	10	1	1	1.2577
1078	2	4	2	1	1.2571
1079	2	4	4	1	1.2553
1080	2	4	2	1	1.2548
1081	2	4	2	1	1.245
1082	2	11	1	1	1.2433
1083	2	4	4	2	1.2388
1084	2	9	3	1	1.2372
1085	2	9	1	1	1.2295
1086	2	9	1	1	1.2277
1087	2	2	1	1	1.2256
1088	2	9	1	1	1.2184
1089	2	4	4	1	1.216
1090	2	4	4	1	1.2039
1091	2	10	1	1	1.2014
1092	2	4	1	1	1.1938
1093	2	2	1	1	1.1826
1094	2	2	3	1	1.1799
1095	2	4	4	1	1.1797
1096	2	6	1	1	1.1776
1097	2	3	2	1	1.1711
1098	2	9	1	1	1.1705
1099	2	6	3	1	1.1677
1100	2	6	3	1	1.1673
1101	2	4	2	1	1.1665
1102	2	6	3	1	1.1631
1103	2	10	1	1	1.1624
1104	2	11	1	1	1.155
1105	2	4	4	1	1.1547
1106	2	11	1	1	1.1529
1107	2	7	3	1	1.1433
1108	2	4	2	1	1.1393
1109	2	3	3	1	1.1351
1110	2	7	3	1	1.1335
1111	2	11	1	1	1.1237
1112	2	4	3	1	1.1199
1113	2	11	1	1	1.1186
1114	2	12	3	1	1.1177
1115	2	6	1	2	1.1131
1116	2	3	2	1	1.1111
1117	2	3	2	1	1.1053
1118	2	7	3	1	1.1043
1119	2	4	4	1	1.103
1120	2	9	1	1	1.0943
1121	2	4	2	1	1.0943
1122	2	10	1	1	1.0929
1123	2	6	1	1	1.0818
1124	2	11	1	1	1.0801
1125	2	5	3	1	1.0789
1126	2	2	1	1	1.0759
1127	2	4	4	1	1.0759
1128	2	4	1	1	1.0696
1129	2	3	3	1	1.064
1130	2	10	1	1	1.0596
1131	2	4	3	1	1.0578
1132	2	4	3	2	1.0506
1133	2	12	3	1	1.0487
1134	2	4	4	1	1.0471
1135	2	3	2	1	1.0435
1136	2	6	3	1	1.0383
1137	2	4	1	1	1.0367
1138	2	6	1	2	1.0294
1139	2	4	1	1	1.0289
1140	2	6	3	1	1.0276
1141	2	11	1	1	1.0243
1142	2	5	1	1	1.0235
1143	2	11	1	1	1.0145
1144	2	9	1	1	1.013
1145	2	4	4	1	1.011
1146	2	11	1	1	1.0107
1147	2	5	1	2	1.0088
1148	2	10	1	1	0.9991
1149	2	6	1	1	0.9986
1150	2	12	3	1	0.9977
1151	2	6	1	2	0.992
1152	2	3	3	1	0.9918
1153	2	5	1	2	0.9915
1154	2	9	1	1	0.9908
1155	2	4	2	1	0.9846
1156	2	4	2	1	0.9758
1157	2	2	1	1	0.962
1158	2	10	1	1	0.9583
1159	2	4	4	1	0.9526
1160	2	4	3	1	0.9499
1161	2	4	2	1	0.9294
1162	2	5	3	1	0.9201
1163	2	1	3	1	0.9166
1164	2	3	2	1	0.9153
1165	2	4	4	1	0.8961
1166	2	5	1	2	0.8961
1167	2	6	1	1	0.8584
1168	2	3	3	1	0.841
1169	2	6	3	2	0.8253
1170	2	3	2	1	0.8204
1171	2	3	2	1	0.8064
1172	2	11	1	1	0.7983
1173	2	9	1	1	0.7933
1174	2	3	3	1	0.7722
1175	2	4	4	1	0.7632
1176	2	9	1	1	0.7569
1177	2	11	1	1	0.7479
1178	2	8	3	1	0.745
1179	2	5	1	2	0.7442
1180	2	3	3	1	0.7414
1181	2	9	1	1	0.7256
1182	2	3	2	1	0.7246
1183	2	6	1	1	0.7237
1184	2	10	1	2	0.706
1185	2	11	1	1	0.7031
1186	2	11	1	1	0.7012
1187	2	3	2	1	0.6856
1188	2	1	3	1	0.6775
1189	2	3	3	1	0.6741
1190	2	5	1	2	0.6481
1191	2	4	3	1	0.6469
1192	2	5	1	2	0.6398
1193	2	4	2	1	0.6319
1194	2	4	2	1	0.6051
1195	2	6	1	2	0.5946
1196	2	1	3	1	0.59
1197	2	2	1	1	0.5779
1198	2	5	3	2	0.5617
1199	2	4	4	2	0.5579
1200	2	3	2	1	0.5571
1201	2	4	1	1	0.5507
1202	2	11	1	1	0.5198
1203	2	11	1	1	0.4952
1204	2	4	2	1	0.4789
1205	2	1	3	1	0.4755
1206	2	11	1	1	0.4654
1207	2	2	1	1	0.4619
1208	2	2	1	1	0.4525
1209	2	4	1	2	0.4449
1210	2	4	3	1	0.444
1211	2	4	1	1	0.4333
1212	2	6	1	2	0.4325
1213	2	3	2	1	0.4323
1214	2	3	3	1	0.4299
1215	2	4	1	1	0.4282
1216	2	1	3	1	0.4234
1217	2	2	1	2	0.4078
1218	2	2	1	1	0.4056
1219	2	11	1	1	0.3999
1220	2	5	3	2	0.3977
1221	2	12	1	1	0.397
1222	2	4	1	1	0.3957
1223	2	1	3	1	0.3948
1224	2	4	3	1	0.3879
1225	2	4	2	1	0.3872
1226	2	4	2	1	0.3858
1227	2	4	2	1	0.3855
1228	2	6	3	2	0.3842
1229	2	2	1	2	0.3797
1230	2	6	1	2	0.3643
1231	2	4	3	2	0.3642
1232	2	5	1	2	0.3641
1233	2	4	3	2	0.3628
1234	2	3	2	1	0.3584
1235	2	4	2	2	0.3551
1236	2	3	2	2	0.3417
1237	2	4	1	2	0.3313
1238	2	2	1	1	0.3307
1239	2	4	2	2	0.3081
1240	2	12	1	1	0.3079
1241	2	4	1	1	0.3067
1242	2	4	2	2	0.3028
1243	2	4	3	2	0.296
1244	2	4	3	2	0.2952
1245	2	6	1	2	0.2948
1246	2	4	3	2	0.2937
1247	2	3	3	1	0.2883
1248	2	4	2	1	0.2853
1249	2	4	2	2	0.2812
1250	2	4	1	1	0.2807
1251	2	3	2	2	0.2788
1252	2	4	1	2	0.2775
1253	2	7	3	2	0.2771
1254	2	4	2	2	0.2691
1255	2	4	1	2	0.2678
1256	2	3	2	2	0.2566
1257	2	6	1	2	0.2561
1258	2	4	3	2	0.2557
1259	2	4	3	2	0.2491
1260	2	2	1	1	0.2484
1261	2	3	2	2	0.247
1262	2	11	1	1	0.2464
1263	2	4	2	2	0.2445
1264	2	4	1	2	0.2418
1265	2	3	2	2	0.2389
1266	2	4	3	2	0.237
1267	2	3	2	2	0.2333
1268	2	3	2	1	0.2327
1269	2	4	3	2	0.2319
1270	2	1	1	1	0.2306
1271	2	2	1	1	0.2304
1272	2	3	2	2	0.228
1273	2	3	2	2	0.2267
1274	2	2	1	1	0.2231
1275	2	3	2	2	0.2229
1276	2	4	3	2	0.222
1277	2	4	1	2	0.2209
1278	2	2	1	1	0.2163
1279	2	1	1	2	0.2156
1280	2	4	1	2	0.2154
1281	2	4	3	1	0.2153
1282	2	10	1	2	0.2151
1283	2	4	3	2	0.2139
1284	2	4	3	1	0.2124
1285	2	4	2	2	0.2121
1286	2	1	1	1	0.2089
1287	2	1	1	2	0.2088
1288	2	3	2	2	0.2059
1289	2	4	2	2	0.2041
1290	2	4	1	2	0.2033
1291	2	3	2	2	0.2018
1292	2	2	1	1	0.2002
1293	2	2	1	1	0.2
1294	2	4	1	2	0.1984
1295	2	1	1	1	0.1975
1296	2	3	2	1	0.1968
1297	2	1	1	1	0.1967
1298	2	4	1	1	0.1955
1299	2	4	2	2	0.1934
1300	2	4	3	1	0.1915
1301	2	4	2	1	0.1912
1302	2	1	1	1	0.1906
1303	2	4	1	2	0.1898
1304	2	4	1	2	0.1873
1305	2	4	1	2	0.187
1306	2	2	1	2	0.1869
1307	2	3	2	1	0.1865
1308	2	3	2	1	0.1853
1309	2	4	2	2	0.1848
1310	2	4	1	2	0.1841
1311	2	10	1	1	0.1813
1312	2	4	3	2	0.1811
1313	2	4	3	1	0.1809
1314	2	4	1	2	0.1805
1315	2	4	1	2	0.1796
1316	2	4	3	2	0.1782
1317	2	3	2	1	0.1775
1318	2	4	1	2	0.1755
1319	2	12	1	1	0.175
1320	2	4	2	2	0.1735
1321	2	4	2	1	0.1723
1322	2	4	3	2	0.172
1323	2	12	1	1	0.1717
1324	2	2	1	2	0.1708
1325	2	3	2	1	0.1695
1326	2	1	1	2	0.1682
1327	2	2	1	2	0.1679
1328	2	4	1	2	0.1658
1329	2	2	1	2	0.1639
1330	2	2	1	1	0.1633
1331	2	2	1	2	0.163
1332	2	4	2	2	0.1628
1333	2	4	2	2	0.1608
1334	2	2	1	1	0.1607
1335	2	1	1	1	0.1602
1336	2	4	2	2	0.1593
1337	2	4	2	1	0.1564
1338	2	4	1	2	0.1563
1339	2	12	1	1	0.1562
1340	2	3	2	2	0.1561
1341	2	4	2	2	0.155
1342	2	1	1	1	0.1522
1343	2	3	2	1	0.1511
1344	2	2	1	2	0.1495
1345	2	4	3	2	0.1495
1346	2	4	2	2	0.1489
1347	2	4	3	2	0.1489
1348	2	3	2	1	0.1481
1349	2	1	3	1	0.1439
1350	2	3	2	1	0.1406
1351	2	4	3	2	0.14
1352	2	4	2	2	0.1396
1353	2	4	2	1	0.1393
1354	2	1	1	1	0.1392
1355	2	2	1	2	0.1383
1356	2	1	1	1	0.1374
1357	2	12	1	1	0.1367
1358	2	4	3	2	0.1367
1359	2	4	3	2	0.1365
1360	2	3	2	1	0.1359
1361	2	4	3	2	0.1356
1362	2	3	2	2	0.1351
1363	2	4	1	2	0.1349
1364	2	4	3	1	0.1341
1365	2	12	1	1	0.129
1366	2	1	1	1	0.1282
1367	2	4	2	2	0.1274
1368	2	1	1	1	0.1258
1369	2	1	1	1	0.1255
1370	2	3	2	1	0.1251
1371	2	12	1	1	0.1244
1372	2	1	1	1	0.124
1373	2	4	3	2	0.123
1374	2	2	1	1	0.12
1375	2	4	3	2	0.12
1376	2	1	1	1	0.1197
1377	2	4	1	2	0.119
1378	2	12	1	1	0.1179
1379	2	3	2	2	0.1178
1380	2	1	1	1	0.1176
1381	2	1	1	2	0.1145
1382	2	2	1	2	0.114
1383	2	2	1	1	0.1138
1384	2	12	1	2	0.1137
1385	2	2	1	2	0.1135
1386	2	10	1	2	0.1121
1387	2	2	1	2	0.1107
1388	2	2	1	2	0.1106
1389	2	2	1	1	0.1097
1390	2	12	1	1	0.108
1391	2	4	3	2	0.1076
1392	2	1	1	1	0.1075
1393	2	1	1	1	0.1073
1394	2	3	2	2	0.1061
1395	2	3	2	2	0.1056
1396	2	1	1	2	0.1049
1397	2	1	1	1	0.1038
1398	2	3	2	2	0.1036
1399	2	2	1	2	0.1034
1400	2	3	2	1	0.1032
1401	2	1	1	1	0.1028
1402	2	4	3	2	0.1025
1403	2	4	1	2	0.1024
1404	2	1	1	2	0.1015
1405	2	2	1	2	0.1015
1406	2	1	1	2	0.1011
1407	2	2	1	1	0.1009
1408	2	3	2	2	0.1009
1409	2	3	2	2	0.1006
1410	2	1	1	2	0.1
1411	2	2	1	2	0.0998
1412	2	2	1	2	0.0996
1413	2	7	3	1	0.0987
1414	2	12	1	1	0.097
1415	2	4	2	2	0.0969
1416	2	2	1	2	0.0966
1417	2	1	1	1	0.0962
1418	2	12	1	2	0.0952
1419	2	4	2	1	0.095
1420	2	2	1	1	0.0948
1421	2	4	3	2	0.0945
1422	2	2	1	1	0.0943
1423	2	3	2	2	0.0938
1424	2	3	2	1	0.0934
1425	2	2	1	2	0.0932
1426	2	2	1	2	0.0927
1427	2	12	1	1	0.0914
1428	2	1	1	2	0.0897
1429	2	3	2	2	0.0893
1430	2	12	1	1	0.089
1431	2	1	1	1	0.089
1432	2	3	2	1	0.0884
1433	2	12	1	1	0.0881
1434	2	4	2	2	0.088
1435	2	3	3	1	0.0879
1436	2	2	1	1	0.0874
1437	2	12	1	1	0.0859
1438	2	1	1	1	0.0855
1439	2	1	1	1	0.0833
1440	2	1	1	1	0.0812
1441	2	12	1	1	0.081
1442	2	10	1	1	0.0807
1443	2	12	1	1	0.0807
1444	2	2	1	2	0.0806
1445	2	6	1	2	0.0804
1446	2	3	2	2	0.0802
1447	2	2	1	2	0.0794
1448	2	2	1	2	0.0789
1449	2	2	1	1	0.0777
1450	2	12	1	1	0.0759
1451	2	2	1	1	0.073
1452	2	2	1	1	0.0711
1453	2	1	1	1	0.0707
1454	2	3	2	2	0.0704
1455	2	1	1	2	0.0693
1456	2	12	1	1	0.0688
1457	2	1	1	2	0.068
1458	2	1	1	2	0.0665
1459	2	2	1	2	0.0649
1460	2	3	2	2	0.0647
1461	2	12	1	1	0.0639
1462	2	2	1	2	0.0613
1463	2	1	1	2	0.0608
1464	2	2	1	2	0.0607
1465	2	4	3	2	0.0602
1466	2	1	1	2	0.0597
1467	2	1	1	2	0.0592
1468	2	2	1	2	0.0591
1469	2	4	3	2	0.0585
1470	2	11	1	1	0.0583
1471	2	2	1	2	0.0572
1472	2	4	1	2	0.0571
1473	2	12	1	2	0.0563
1474	2	12	1	2	0.0556
1475	2	12	1	1	0.0546
1476	2	12	1	2	0.0543
1477	2	2	1	1	0.054
1478	2	2	1	1	0.0519
1479	2	1	1	1	0.0511
1480	2	1	1	2	0.05
1481	2	12	1	1	0.0497
1482	2	1	1	2	0.0462
1483	2	4	1	2	0.0458
1484	2	4	3	2	0.0457
1485	2	12	1	1	0.0456
1486	2	10	1	1	0.0451
1487	2	1	1	1	0.0427
1488	2	3	2	2	0.0423
1489	2	1	1	2	0.0422
1490	2	2	1	1	0.0422
1491	2	12	1	1	0.0409
1492	2	12	1	2	0.0395
1493	2	12	1	2	0.0394
1494	2	1	1	2	0.0381
1495	2	1	1	2	0.0372
1496	2	12	1	2	0.0364
1497	2	2	1	1	0.0356
1498	2	3	2	2	0.0333
1499	2	11	1	1	0.0327
1500	2	12	1	2	0.0321
1501	2	4	1	2	0.0314
1502	2	1	1	1	0.0311
1503	2	12	1	2	0.0309
1504	2	10	1	2	0.0297
1505	2	1	1	1	0.0279
1506	2	2	1	1	0.0275
1507	2	1	1	1	0.0273
1508	2	12	1	1	0.0271
1509	2	12	1	2	0.0233
1510	2	2	1	1	0.023
1511	2	12	1	2	0.0224
1512	2	2	1	2	0.0222
1513	2	12	1	2	0.0208
1514	2	2	1	1	0.0198
1515	2	1	1	1	0.0188
1516	2	2	1	2	0.0184
1517	2	4	3	1	0.0157
1518	2	11	1	1	0.0156
1519	2	8	1	1	0.0072
1520	3	11	1	2	11.8655
1521	3	11	1	2	10.8036
1522	3	11	1	2	10.5197
1523	3	11	1	2	10.4744
1524	3	11	1	2	10.4206
1525	3	11	1	2	10.4004
1526	3	11	1	2	9.9147
1527	3	9	1	2	9.8713
1528	3	10	1	2	9.7152
1529	3	9	1	2	9.6634
1530	3	11	1	2	9.6302
1531	3	10	1	2	9.5052
1532	3	11	1	2	9.3829
1533	3	12	1	2	9.3296
1534	3	9	1	2	9.1063
1535	3	9	1	2	9.094
1536	3	11	1	2	9.0897
1537	3	8	1	2	8.9651
1538	3	10	1	2	8.8874
1539	3	9	1	2	8.8838
1540	3	10	1	2	8.876
1541	3	9	1	2	8.6989
1542	3	9	1	2	8.4791
1543	3	9	1	2	8.4008
1544	3	9	1	2	8.3443
1545	3	10	1	2	8.228
1546	3	2	1	2	8.2263
1547	3	8	1	2	8.2116
1548	3	11	1	2	8.1521
1549	3	8	1	2	8.1336
1550	3	8	1	2	8.1332
1551	3	11	1	2	8.1253
1552	3	8	1	2	8.1211
1553	3	8	1	2	8.0786
1554	3	8	1	2	8.0647
1555	3	9	1	2	8.05
1556	3	9	1	2	8
1557	3	9	3	2	7.9831
1558	3	11	1	2	7.9423
1559	3	8	1	2	7.9089
1560	3	9	3	2	7.8565
1561	3	9	1	2	7.8438
1562	3	7	1	2	7.8081
1563	3	11	1	2	7.8
1564	3	9	1	2	7.7358
1565	3	7	1	2	7.6918
1566	3	8	1	2	7.5493
1567	3	7	1	2	7.546
1568	3	8	1	2	7.5455
1569	3	8	1	2	7.4851
1570	3	7	1	2	7.4522
1571	3	8	1	2	7.3434
1572	3	9	1	2	7.3403
1573	3	11	1	2	7.2958
1574	3	9	1	2	7.2773
1575	3	9	1	2	7.2457
1576	3	8	1	2	7.2422
1577	3	9	1	2	7.2237
1578	3	8	1	2	7.2215
1579	3	8	3	2	7.1731
1580	3	9	1	2	7.1203
1581	3	7	1	2	7.095
1582	3	9	3	2	7.0947
1583	3	8	1	2	7.0799
1584	3	11	1	2	7.0774
1585	3	7	3	2	7.0615
1586	3	8	1	2	7.0392
1587	3	8	1	2	7.0273
1588	3	9	1	2	6.9819
1589	3	11	1	2	6.9603
1590	3	8	1	2	6.9479
1591	3	7	1	2	6.9463
1592	3	7	3	2	6.918
1593	3	9	1	2	6.8828
1594	3	8	1	2	6.8655
1595	3	11	1	2	6.8544
1596	3	11	1	2	6.8158
1597	3	9	1	2	6.7784
1598	3	9	1	2	6.7357
1599	3	8	1	2	6.7341
1600	3	7	1	2	6.7191
1601	3	9	1	2	6.6869
1602	3	9	3	2	6.5709
1603	3	9	3	2	6.5419
1604	3	7	1	2	6.539
1605	3	9	3	2	6.5106
1606	3	9	1	2	6.4774
1607	3	7	3	2	6.394
1608	3	7	3	2	6.392
1609	3	9	1	2	6.3918
1610	3	8	1	2	6.3739
1611	3	7	1	2	6.3689
1612	3	7	1	2	6.3676
1613	3	7	1	2	6.3447
1614	3	7	1	2	6.3442
1615	3	8	1	2	6.2993
1616	3	9	1	2	6.2773
1617	3	7	1	2	6.2704
1618	3	6	1	2	6.2134
1619	3	11	1	2	6.1789
1620	3	7	3	2	6.1468
1621	3	8	1	2	6.1447
1622	3	1	1	2	6.1386
1623	3	6	1	2	6.1132
1624	3	7	1	2	6.1054
1625	3	7	1	2	6.1018
1626	3	7	3	2	6.0511
1627	3	7	1	2	5.9891
1628	3	9	1	2	5.9416
1629	3	6	1	2	5.8789
1630	3	7	3	2	5.8357
1631	3	7	3	2	5.7744
1632	3	7	3	2	5.7587
1633	3	7	3	2	5.7534
1634	3	9	1	2	5.7512
1635	3	7	1	2	5.7448
1636	3	8	1	2	5.7398
1637	3	8	3	2	5.6928
1638	3	8	1	2	5.6359
1639	3	9	3	2	5.5966
1640	3	9	3	2	5.5824
1641	3	7	3	2	5.5703
1642	3	7	1	2	5.5372
1643	3	7	3	2	5.5022
1644	3	7	1	2	5.4522
1645	3	6	1	2	5.4505
1646	3	7	1	2	5.4503
1647	3	6	1	2	5.3984
1648	3	6	1	2	5.3175
1649	3	7	1	2	5.313
1650	3	7	1	2	5.3015
1651	3	8	1	2	5.2373
1652	3	8	1	2	5.2154
1653	3	6	1	2	5.2051
1654	3	6	1	2	5.1983
1655	3	6	1	2	5.1816
1656	3	8	1	2	5.1564
1657	3	8	1	2	5.1333
1658	3	6	1	2	5.1332
1659	3	6	1	2	5.1328
1660	3	6	1	2	5.1312
1661	3	6	1	2	5.0926
1662	3	9	1	2	5.0863
1663	3	7	1	2	5.0859
1664	3	8	1	2	5.0765
1665	3	6	1	2	5.072
1666	3	6	1	2	4.9456
1667	3	2	1	2	4.8069
1668	3	6	1	2	4.685
1669	3	6	1	2	4.6326
1670	3	7	3	2	4.5526
1671	3	4	1	1	4.5461
1672	3	5	1	2	4.5132
1673	3	5	1	2	4.4491
1674	3	6	1	2	4.4402
1675	3	6	1	2	4.4245
1676	3	10	1	1	4.3298
1677	3	7	1	2	4.2245
1678	3	6	1	2	4.1375
1679	3	7	1	1	4.0077
1680	3	6	1	2	3.9544
1681	3	10	1	2	3.8993
1682	3	6	1	2	3.8921
1683	3	7	1	1	3.8539
1684	3	9	1	2	3.7866
1685	3	7	1	1	3.6782
1686	3	8	1	1	3.5841
1687	3	6	1	1	3.5432
1688	3	6	1	2	3.5407
1689	3	11	1	2	3.5377
1690	3	6	1	2	3.493
1691	3	6	1	1	3.3677
1692	3	10	1	1	3.3474
1693	3	7	1	1	3.3018
1694	3	7	1	1	3.2127
1695	3	6	1	1	3.2008
1696	3	11	1	1	3.1724
1697	3	6	1	1	3.1514
1698	3	7	1	1	3.1343
1699	3	7	1	1	3.1056
1700	3	6	1	1	3.0962
1701	3	7	1	1	3.0758
1702	3	6	1	1	3.0692
1703	3	5	1	2	3.0577
1704	3	7	1	1	3.0409
1705	3	5	1	1	2.9466
1706	3	7	1	1	2.9211
1707	3	6	1	1	2.9071
1708	3	8	1	1	2.9065
1709	3	8	1	1	2.902
1710	3	6	1	2	2.8965
1711	3	10	1	1	2.8672
1712	3	6	1	2	2.8437
1713	3	7	3	1	2.8344
1714	3	10	1	2	2.828
1715	3	4	1	1	2.8229
1716	3	7	1	1	2.7935
1717	3	7	1	1	2.787
1718	3	5	1	1	2.7839
1719	3	5	1	1	2.7711
1720	3	7	1	1	2.7686
1721	3	10	1	1	2.7548
1722	3	4	1	1	2.7387
1723	3	7	3	1	2.7273
1724	3	5	1	2	2.7251
1725	3	7	1	1	2.7076
1726	3	10	3	1	2.7019
1727	3	6	1	1	2.6984
1728	3	8	1	1	2.6953
1729	3	9	1	1	2.6621
1730	3	4	1	1	2.6569
1731	3	6	1	1	2.6483
1732	3	6	1	1	2.6345
1733	3	6	1	1	2.6009
1734	3	6	1	1	2.5895
1735	3	7	1	1	2.5777
1736	3	7	1	1	2.5763
1737	3	5	1	1	2.5321
1738	3	10	1	1	2.4984
1739	3	6	1	1	2.4976
1740	3	6	1	1	2.4955
1741	3	4	1	1	2.4953
1742	3	5	1	1	2.4917
1743	3	4	1	1	2.4906
1744	3	7	1	1	2.478
1745	3	6	1	1	2.4763
1746	3	6	1	1	2.4601
1747	3	4	1	1	2.4528
1748	3	6	1	1	2.4522
1749	3	9	1	1	2.4475
1750	3	4	1	1	2.4073
1751	3	6	1	2	2.3984
1752	3	4	1	1	2.3846
1753	3	9	1	1	2.3827
1754	3	6	1	1	2.3782
1755	3	11	1	1	2.3742
1756	3	4	1	1	2.3645
1757	3	4	1	1	2.3625
1758	3	5	1	1	2.3624
1759	3	5	1	1	2.3578
1760	3	5	1	2	2.3447
1761	3	6	1	1	2.3242
1762	3	5	1	1	2.3231
1763	3	4	1	1	2.3218
1764	3	1	1	1	2.311
1765	3	6	1	1	2.3086
1766	3	10	1	1	2.3085
1767	3	7	1	1	2.3047
1768	3	4	1	1	2.2917
1769	3	4	1	1	2.2888
1770	3	10	1	2	2.2794
1771	3	2	1	1	2.2751
1772	3	9	1	1	2.2742
1773	3	7	1	1	2.2736
1774	3	6	1	1	2.2594
1775	3	7	1	1	2.2491
1776	3	9	1	1	2.238
1777	3	8	1	1	2.2111
1778	3	6	1	1	2.1912
1779	3	6	1	1	2.1726
1780	3	7	1	1	2.169
1781	3	7	1	1	2.1686
1782	3	8	1	1	2.1526
1783	3	4	1	1	2.1248
1784	3	6	1	1	2.1041
1785	3	5	1	1	2.0947
1786	3	5	1	1	2.0845
1787	3	10	1	1	2.0833
1788	3	6	1	1	2.08
1789	3	5	1	1	2.0667
1790	3	8	1	1	2.0643
1791	3	6	1	1	2.0612
1792	3	5	1	1	2.0554
1793	3	5	1	2	2.0485
1794	3	10	1	1	2.0401
1795	3	5	1	2	2.0306
1796	3	9	1	1	2.0305
1797	3	5	1	2	2.0082
1798	3	9	1	1	1.9926
1799	3	6	1	1	1.9837
1800	3	3	1	1	1.9816
1801	3	9	1	1	1.9756
1802	3	9	1	1	1.9244
1803	3	9	1	1	1.916
1804	3	11	1	2	1.9103
1805	3	9	1	1	1.9085
1806	3	9	1	1	1.9068
1807	3	4	1	2	1.9018
1808	3	9	1	1	1.9007
1809	3	4	1	1	1.8888
1810	3	5	1	1	1.8596
1811	3	5	1	1	1.8502
1812	3	8	1	1	1.8322
1813	3	6	1	1	1.8243
1814	3	4	1	1	1.8182
1815	3	9	1	1	1.8095
1816	3	5	1	1	1.8072
1817	3	7	1	1	1.8044
1818	3	5	1	1	1.7994
1819	3	5	1	1	1.7952
1820	3	9	1	1	1.7925
1821	3	5	1	2	1.7857
1822	3	9	1	1	1.7585
1823	3	9	3	1	1.7311
1824	3	5	1	2	1.7278
1825	3	11	1	1	1.7191
1826	3	5	1	1	1.7188
1827	3	6	1	2	1.6979
1828	3	9	1	1	1.6951
1829	3	10	1	1	1.6734
1830	3	4	1	1	1.6631
1831	3	11	1	1	1.6514
1832	3	8	1	1	1.645
1833	3	9	1	1	1.6377
1834	3	5	1	1	1.6106
1835	3	9	1	1	1.5946
1836	3	3	1	1	1.5662
1837	3	2	1	1	1.5612
1838	3	6	1	1	1.5555
1839	3	11	1	1	1.545
1840	3	6	1	2	1.5424
1841	3	11	1	1	1.5331
1842	3	3	1	1	1.5242
1843	3	8	1	1	1.519
1844	3	5	1	1	1.5174
1845	3	3	1	1	1.506
1846	3	9	3	1	1.5055
1847	3	11	1	1	1.5054
1848	3	8	1	1	1.4969
1849	3	8	1	1	1.476
1850	3	5	1	1	1.4748
1851	3	5	1	2	1.473
1852	3	4	1	1	1.4721
1853	3	12	1	1	1.4637
1854	3	11	1	1	1.4465
1855	3	9	3	1	1.4455
1856	3	1	3	1	1.4385
1857	3	7	3	1	1.4383
1858	3	9	3	1	1.4375
1859	3	9	1	1	1.4367
1860	3	9	1	1	1.4204
1861	3	9	1	1	1.4124
1862	3	5	1	1	1.4107
1863	3	3	1	1	1.407
1864	3	5	1	1	1.3994
1865	3	8	1	1	1.3938
1866	3	11	1	1	1.3854
1867	3	8	1	1	1.3794
1868	3	11	1	1	1.3684
1869	3	11	1	1	1.3625
1870	3	9	1	1	1.357
1871	3	6	1	1	1.3457
1872	3	11	1	1	1.3228
1873	3	3	1	1	1.3191
1874	3	5	1	1	1.3018
1875	3	7	1	2	1.2726
1876	3	4	1	1	1.2695
1877	3	8	1	1	1.2689
1878	3	9	1	1	1.2687
1879	3	1	2	1	1.2545
1880	3	9	1	1	1.2413
1881	3	7	3	1	1.2359
1882	3	3	1	1	1.2348
1883	3	4	1	2	1.2204
1884	3	5	1	1	1.1933
1885	3	5	1	2	1.1883
1886	3	3	1	1	1.1803
1887	3	8	1	1	1.1557
1888	3	7	3	1	1.1346
1889	3	11	1	1	1.1332
1890	3	5	1	2	1.125
1891	3	3	1	1	1.1124
1892	3	3	1	1	1.1097
1893	3	5	1	1	1.1
1894	3	7	3	1	1.0995
1895	3	7	3	1	1.0958
1896	3	5	1	1	1.091
1897	3	3	1	1	1.0879
1898	3	10	1	1	1.0764
1899	3	4	1	2	1.0538
1900	3	7	1	1	1.0433
1901	3	4	1	1	1.0409
1902	3	3	1	1	1.0259
1903	3	3	1	1	1.0227
1904	3	9	1	1	1.0056
1905	3	9	1	1	1.0048
1906	3	11	1	1	1.0021
1907	3	11	1	1	1
1908	3	3	1	1	0.9969
1909	3	5	1	2	0.9886
1910	3	8	1	1	0.9792
1911	3	5	1	2	0.9758
1912	3	2	1	1	0.9745
1913	3	3	1	1	0.9741
1914	3	5	1	2	0.9547
1915	3	7	3	1	0.9387
1916	3	6	1	2	0.9356
1917	3	3	1	1	0.9287
1918	3	4	1	2	0.9274
1919	3	11	1	1	0.9184
1920	3	5	1	2	0.8994
1921	3	3	1	1	0.8971
1922	3	5	1	2	0.8768
1923	3	3	1	1	0.8571
1924	3	10	1	2	0.8553
1925	3	2	1	1	0.8534
1926	3	2	1	1	0.8441
1927	3	8	1	1	0.842
1928	3	7	1	1	0.8369
1929	3	9	3	1	0.8263
1930	3	9	1	1	0.8244
1931	3	11	1	1	0.8195
1932	3	5	1	2	0.8095
1933	3	3	1	1	0.7965
1934	3	4	1	1	0.7955
1935	3	3	1	1	0.7752
1936	3	4	1	1	0.7643
1937	3	11	1	1	0.7608
1938	3	4	1	1	0.751
1939	3	2	1	1	0.7396
1940	3	10	1	2	0.7181
1941	3	8	1	1	0.7136
1942	3	7	1	2	0.7125
1943	3	2	1	1	0.7083
1944	3	5	1	2	0.7047
1945	3	4	1	2	0.6364
1946	3	7	3	1	0.6008
1947	3	4	1	1	0.5955
1948	3	4	1	2	0.5761
1949	3	9	1	1	0.5633
1950	3	5	1	2	0.5555
1951	3	8	1	1	0.554
1952	3	5	1	1	0.5498
1953	3	5	1	2	0.5483
1954	3	7	1	1	0.5351
1955	3	2	3	2	0.5132
1956	3	2	1	1	0.5061
1957	3	7	1	1	0.502
1958	3	4	1	1	0.4844
1959	3	1	2	1	0.4828
1960	3	4	1	2	0.4794
1961	3	11	1	1	0.4717
1962	3	3	1	1	0.4716
1963	3	1	1	2	0.4685
1964	3	7	1	2	0.4684
1965	3	3	1	2	0.4664
1966	3	7	1	2	0.4567
1967	3	1	2	1	0.4537
1968	3	2	1	1	0.4526
1969	3	4	1	2	0.452
1970	3	4	1	2	0.45
1971	3	4	1	2	0.4492
1972	3	4	1	2	0.4464
1973	3	2	1	1	0.4446
1974	3	3	1	1	0.4367
1975	3	1	1	1	0.4354
1976	3	4	1	2	0.4353
1977	3	4	1	2	0.435
1978	3	4	1	1	0.4311
1979	3	1	1	2	0.4301
1980	3	4	1	1	0.4154
1981	3	2	1	1	0.4107
1982	3	4	1	2	0.4027
1983	3	10	1	2	0.3939
1984	3	2	1	1	0.385
1985	3	4	1	2	0.3781
1986	3	3	1	2	0.3748
1987	3	5	1	2	0.3722
1988	3	1	1	2	0.3691
1989	3	4	1	2	0.3603
1990	3	4	1	2	0.3601
1991	3	4	1	1	0.36
1992	3	11	1	1	0.357
1993	3	3	1	2	0.349
1994	3	3	1	1	0.3437
1995	3	4	1	1	0.3315
1996	3	3	1	2	0.3302
1997	3	3	1	2	0.3292
1998	3	5	1	2	0.3276
1999	3	1	2	2	0.3273
2000	3	1	1	2	0.3272
2001	3	1	1	2	0.3263
2002	3	4	1	2	0.3262
2003	3	1	1	2	0.3228
2004	3	3	1	2	0.3173
2005	3	1	2	2	0.3159
2006	3	1	2	2	0.315
2007	3	1	2	2	0.3135
2008	3	4	1	2	0.313
2009	3	1	1	2	0.3097
2010	3	11	1	1	0.3086
2011	3	1	2	2	0.3078
2012	3	5	1	2	0.3071
2013	3	2	1	2	0.3046
2014	3	5	1	2	0.3015
2015	3	3	1	2	0.2978
2016	3	1	2	2	0.2967
2017	3	12	1	2	0.2954
2018	3	4	1	2	0.291
2019	3	1	3	2	0.2885
2020	3	4	1	2	0.2865
2021	3	1	1	2	0.2827
2022	3	1	1	1	0.2821
2023	3	1	1	2	0.2814
2024	3	1	1	1	0.2777
2025	3	2	1	2	0.2768
2026	3	1	1	1	0.2747
2027	3	5	1	2	0.2727
2028	3	4	1	2	0.272
2029	3	1	1	2	0.2691
2030	3	5	1	2	0.2668
2031	3	4	1	2	0.2654
2032	3	1	1	1	0.2645
2033	3	3	1	2	0.2644
2034	3	1	1	2	0.2632
2035	3	1	2	2	0.2617
2036	3	10	1	2	0.2615
2037	3	1	2	2	0.2596
2038	3	1	2	2	0.2589
2039	3	1	3	1	0.2587
2040	3	7	1	1	0.2577
2041	3	1	1	1	0.2571
2042	3	3	1	2	0.2543
2043	3	1	1	2	0.2529
2044	3	1	1	2	0.2465
2045	3	1	1	2	0.2419
2046	3	1	1	2	0.2405
2047	3	9	1	1	0.238
2048	3	1	1	2	0.2361
2049	3	2	1	2	0.2354
2050	3	1	1	2	0.2352
2051	3	1	1	2	0.235
2052	3	10	1	2	0.2344
2053	3	3	1	1	0.2344
2054	3	6	1	2	0.2321
2055	3	1	1	1	0.2313
2056	3	1	2	2	0.2304
2057	3	1	1	2	0.2303
2058	3	1	2	1	0.2274
2059	3	3	1	2	0.2263
2060	3	9	1	1	0.2253
2061	3	1	1	2	0.2246
2062	3	1	2	2	0.2238
2063	3	1	1	1	0.2223
2064	3	1	1	2	0.2217
2065	3	1	2	2	0.2209
2066	3	12	1	1	0.2193
2067	3	1	2	1	0.2189
2068	3	12	1	1	0.2148
2069	3	1	1	1	0.2141
2070	3	1	2	2	0.2112
2071	3	12	1	1	0.2097
2072	3	12	1	1	0.2095
2073	3	2	1	1	0.2076
2074	3	2	1	1	0.2067
2075	3	4	1	2	0.2061
2076	3	12	1	1	0.2054
2077	3	1	2	1	0.2044
2078	3	3	1	2	0.2038
2079	3	1	1	1	0.2031
2080	3	10	1	2	0.2029
2081	3	10	1	2	0.2029
2082	3	12	1	1	0.2013
2083	3	1	2	2	0.2012
2084	3	1	2	1	0.1986
2085	3	2	3	1	0.1985
2086	3	2	1	1	0.198
2087	3	1	2	1	0.1973
2088	3	10	1	2	0.1971
2089	3	3	1	2	0.1963
2090	3	1	1	1	0.1955
2091	3	1	1	2	0.194
2092	3	5	1	2	0.1933
2093	3	3	1	1	0.1898
2094	3	2	1	1	0.1869
2095	3	2	1	2	0.1858
2096	3	1	2	1	0.1854
2097	3	1	2	2	0.1828
2098	3	1	1	1	0.182
2099	3	3	1	2	0.1798
2100	3	3	1	2	0.179
2101	3	1	1	1	0.1786
2102	3	1	3	1	0.1735
2103	3	1	1	2	0.1711
2104	3	3	1	2	0.1711
2105	3	1	2	1	0.1698
2106	3	1	1	2	0.1693
2107	3	3	1	2	0.1669
2108	3	1	2	1	0.1663
2109	3	1	1	1	0.1622
2110	3	2	1	2	0.1621
2111	3	3	1	1	0.1608
2112	3	3	1	2	0.1608
2113	3	12	1	1	0.1605
2114	3	2	1	2	0.1604
2115	3	10	1	2	0.1602
2116	3	2	1	2	0.1601
2117	3	3	1	2	0.1601
2118	3	2	1	1	0.1599
2119	3	1	1	2	0.1594
2120	3	1	1	1	0.1586
2121	3	1	2	1	0.1584
2122	3	2	1	1	0.1584
2123	3	1	1	1	0.1583
2124	3	2	1	2	0.158
2125	3	1	2	2	0.1575
2126	3	4	1	2	0.1572
2127	3	3	1	2	0.1567
2128	3	2	1	2	0.1565
2129	3	1	1	1	0.1563
2130	3	1	1	2	0.1554
2131	3	1	2	1	0.155
2132	3	1	2	1	0.1545
2133	3	2	1	2	0.1543
2134	3	1	2	2	0.154
2135	3	12	1	1	0.1536
2136	3	2	1	1	0.1535
2137	3	2	1	2	0.1531
2138	3	12	1	1	0.1528
2139	3	1	2	1	0.1527
2140	3	4	1	2	0.1519
2141	3	1	2	1	0.1509
2142	3	1	2	2	0.1508
2143	3	12	1	1	0.15
2144	3	2	1	1	0.15
2145	3	3	1	2	0.1491
2146	3	12	1	1	0.1462
2147	3	1	2	1	0.1456
2148	3	1	2	1	0.1436
2149	3	12	1	1	0.1415
2150	3	10	1	2	0.1413
2151	3	2	1	1	0.1411
2152	3	2	1	2	0.1408
2153	3	1	2	2	0.1405
2154	3	3	1	2	0.14
2155	3	3	1	2	0.1399
2156	3	2	1	2	0.1387
2157	3	2	1	1	0.1383
2158	3	2	1	1	0.1374
2159	3	2	1	2	0.1369
2160	3	1	2	2	0.136
2161	3	3	1	2	0.1351
2162	3	2	1	2	0.1329
2163	3	11	1	1	0.1328
2164	3	1	2	2	0.1323
2165	3	3	1	2	0.1322
2166	3	2	1	2	0.1321
2167	3	3	1	2	0.132
2168	3	12	1	1	0.1319
2169	3	1	2	1	0.1303
2170	3	1	2	1	0.1301
2171	3	12	1	1	0.1296
2172	3	12	1	1	0.1293
2173	3	1	2	1	0.1287
2174	3	1	2	1	0.1286
2175	3	12	1	1	0.1282
2176	3	2	1	1	0.1274
2177	3	12	1	1	0.1272
2178	3	1	1	1	0.1265
2179	3	10	1	2	0.1261
2180	3	12	1	1	0.126
2181	3	1	1	2	0.1246
2182	3	2	1	1	0.1246
2183	3	1	1	1	0.1236
2184	3	10	1	2	0.1231
2185	3	1	2	1	0.122
2186	3	1	2	1	0.1211
2187	3	2	1	1	0.1211
2188	3	2	1	2	0.1211
2189	3	12	1	1	0.1206
2190	3	1	2	1	0.1202
2191	3	2	1	1	0.1202
2192	3	12	1	1	0.1189
2193	3	12	1	1	0.1162
2194	3	12	1	1	0.1156
2195	3	2	1	2	0.1147
2196	3	1	1	1	0.1137
2197	3	1	2	1	0.1135
2198	3	1	1	1	0.1132
2199	3	3	1	2	0.1131
2200	3	2	1	2	0.1126
2201	3	1	2	1	0.1124
2202	3	10	1	1	0.1116
2203	3	2	1	2	0.1073
2204	3	2	1	2	0.1066
2205	3	12	1	1	0.1051
2206	3	1	1	1	0.1051
2207	3	12	1	1	0.1045
2208	3	12	1	1	0.1041
2209	3	1	2	1	0.1031
2210	3	1	1	1	0.1021
2211	3	3	1	2	0.1004
2212	3	4	1	1	0.1
2213	3	1	2	1	0.0991
2214	3	1	1	1	0.099
2215	3	12	1	1	0.0984
2216	3	2	1	2	0.0984
2217	3	1	2	2	0.0976
2218	3	1	2	1	0.0954
2219	3	3	1	2	0.0934
2220	3	12	1	1	0.0932
2221	3	12	1	1	0.091
2222	3	10	1	2	0.0907
2223	3	1	3	1	0.089
2224	3	2	1	2	0.0885
2225	3	10	1	1	0.0877
2226	3	1	1	1	0.0875
2227	3	1	1	1	0.0866
2228	3	2	1	1	0.0854
2229	3	3	1	2	0.0847
2230	3	1	2	1	0.0844
2231	3	10	1	1	0.0831
2232	3	2	1	2	0.0812
2233	3	1	1	1	0.0798
2234	3	4	1	2	0.0797
2235	3	2	1	2	0.0761
2236	3	1	2	2	0.073
2237	3	10	1	1	0.0714
2238	3	10	1	1	0.0706
2239	3	1	1	1	0.0686
2240	3	10	1	1	0.0679
2241	3	10	1	2	0.0671
2242	3	11	1	2	0.0665
2243	3	2	1	1	0.0644
2244	3	1	1	1	0.0643
2245	3	4	1	2	0.0643
2246	3	11	1	1	0.0639
2247	3	2	1	2	0.0638
2248	3	11	1	1	0.0637
2249	3	10	1	1	0.0633
2250	3	10	1	2	0.0618
2251	3	11	1	1	0.0593
2252	3	10	1	1	0.0568
2253	3	3	1	2	0.0564
2254	3	10	1	1	0.0558
2255	3	11	1	2	0.0549
2256	3	10	1	1	0.0533
2257	3	10	1	1	0.0519
2258	3	3	1	2	0.0506
2259	3	10	1	1	0.0502
2260	3	10	1	1	0.0479
2261	3	2	1	2	0.0457
2262	3	3	1	2	0.0449
2263	3	4	1	2	0.0441
2264	3	10	1	1	0.0435
2265	3	11	1	1	0.0433
2266	3	10	1	1	0.0411
2267	3	11	1	1	0.0407
2268	3	11	1	2	0.0403
2269	3	2	1	2	0.0399
2270	3	7	1	2	0.0394
2271	3	11	1	1	0.0387
2272	3	10	1	1	0.0366
2273	3	10	1	1	0.035
2274	3	10	1	2	0.0349
2275	3	10	1	2	0.034
2276	3	11	1	1	0.0275
2277	3	10	1	2	0.0246
2278	3	2	1	2	0.0243
2279	3	10	1	1	0.024
2280	3	10	1	1	0.0237
2281	3	10	1	1	0.0207
2282	3	7	1	1	0.0124
2283	3	7	1	1	0.0064
2284	4	9	1	2	10.6168
2285	4	12	1	2	10.4052
2286	4	7	1	2	10.279
2287	4	12	1	2	10.0054
2288	4	9	1	2	9.9784
2289	4	9	1	2	9.7664
2290	4	12	1	2	9.745
2291	4	10	1	2	9.6262
2292	4	12	1	2	9.5746
2293	4	7	1	2	9.5509
2294	4	9	1	2	9.4658
2295	4	12	1	2	9.3888
2296	4	12	1	2	9.247
2297	4	12	1	2	9.1072
2298	4	12	1	2	9.0272
2299	4	9	1	2	9.0189
2300	4	12	1	2	8.9694
2301	4	9	1	2	8.9471
2302	4	9	1	2	8.7816
2303	4	12	1	2	8.718
2304	4	12	1	2	8.6294
2305	4	9	1	2	8.5398
2306	4	9	1	2	8.33
2307	4	9	1	2	8.2559
2308	4	7	1	2	8.12
2309	4	12	1	2	8.0801
2310	4	9	1	2	7.9514
2311	4	9	1	2	7.9126
2312	4	7	1	2	7.8473
2313	4	9	1	2	7.8125
2314	4	9	1	2	7.694
2315	4	9	1	2	7.6533
2316	4	9	1	2	7.4819
2317	4	8	1	2	7.4559
2318	4	9	1	2	7.3815
2319	4	9	1	2	7.2984
2320	4	8	1	2	7.2771
2321	4	9	1	2	7.2762
2322	4	11	3	2	7.2079
2323	4	7	1	2	7.2065
2324	4	8	1	2	7.088
2325	4	9	1	2	7.0761
2326	4	8	1	2	7.0594
2327	4	8	1	2	7.0341
2328	4	7	1	2	7.0037
2329	4	9	1	2	6.9806
2330	4	8	1	2	6.9764
2331	4	9	1	2	6.9489
2332	4	8	1	2	6.8732
2333	4	12	1	2	6.7772
2334	4	8	1	2	6.7329
2335	4	9	1	2	6.7143
2336	4	8	1	2	6.6702
2337	4	9	1	2	6.5903
2338	4	8	1	2	6.5275
2339	4	9	1	2	6.5074
2340	4	7	1	2	6.4624
2341	4	8	1	2	6.4304
2342	4	8	1	2	6.3833
2343	4	7	1	2	6.2984
2344	4	8	1	2	6.2169
2345	4	8	1	2	6.2105
2346	4	7	1	2	6.162
2347	4	7	1	2	6.1186
2348	4	7	1	2	6.0811
2349	4	11	3	2	6.025
2350	4	7	1	2	5.9961
2351	4	8	1	2	5.8421
2352	4	9	1	2	5.8405
2353	4	8	1	2	5.8356
2354	4	7	1	2	5.7889
2355	4	8	1	2	5.7557
2356	4	7	1	2	5.7426
2357	4	7	1	2	5.7004
2358	4	7	1	2	5.6662
2359	4	9	1	2	5.6539
2360	4	9	1	2	5.6233
2361	4	7	1	2	5.6163
2362	4	7	1	2	5.6025
2363	4	8	1	2	5.5047
2364	4	9	1	2	5.4743
2365	4	7	1	2	5.4055
2366	4	8	1	2	5.3754
2367	4	7	1	2	5.3256
2368	4	7	1	2	5.2587
2369	4	8	1	2	5.1891
2370	4	7	1	2	5.1679
2371	4	8	1	2	5.1657
2372	4	7	1	2	5.138
2373	4	9	1	2	5.0541
2374	4	7	1	2	5.0117
2375	4	8	1	2	4.9892
2376	4	7	1	2	4.9498
2377	4	7	1	2	4.8305
2378	4	7	1	2	4.7949
2379	4	7	1	2	4.7813
2380	4	10	1	2	4.5348
2381	4	8	1	2	4.193
2382	4	8	1	2	4.0386
2383	4	12	1	2	4.0062
2384	4	8	1	1	3.9413
2385	4	7	1	2	3.9391
2386	4	7	1	2	3.9367
2387	4	7	1	2	3.833
2388	4	7	1	1	3.5933
2389	4	9	1	1	3.5575
2390	4	8	1	1	3.4574
2391	4	12	1	2	3.3422
2392	4	7	1	2	3.2836
2393	4	8	1	1	3.215
2394	4	8	1	1	3.1444
2395	4	8	1	2	3.107
2396	4	7	1	1	3.0629
2397	4	8	1	1	3.0269
2398	4	7	1	1	3.0089
2399	4	12	1	1	2.9877
2400	4	7	1	1	2.8942
2401	4	8	1	1	2.8734
2402	4	12	1	1	2.8268
2403	4	8	1	1	2.811
2404	4	10	1	2	2.8079
2405	4	9	1	1	2.7886
2406	4	7	1	1	2.7764
2407	4	10	1	1	2.7625
2408	4	7	1	1	2.7169
2409	4	8	1	1	2.6957
2410	4	7	1	1	2.6439
2411	4	7	1	1	2.626
2412	4	9	1	1	2.6213
2413	4	8	1	1	2.5917
2414	4	9	1	1	2.5463
2415	4	7	1	1	2.5134
2416	4	9	1	1	2.4386
2417	4	9	1	1	2.4196
2418	4	7	1	1	2.4094
2419	4	12	1	1	2.3914
2420	4	7	1	1	2.3901
2421	4	12	1	1	2.3556
2422	4	7	1	1	2.3337
2423	4	8	1	1	2.3228
2424	4	7	1	1	2.2995
2425	4	8	1	1	2.2863
2426	4	8	1	1	2.2853
2427	4	8	1	1	2.2784
2428	4	9	1	1	2.2658
2429	4	9	1	1	2.261
2430	4	9	1	1	2.1705
2431	4	8	1	1	2.1028
2432	4	8	1	1	2.101
2433	4	8	1	1	2.065
2434	4	9	1	1	2.0529
2435	4	9	1	1	2.0231
2436	4	12	1	1	2.0204
2437	4	7	1	1	2.006
2438	4	7	1	1	2.0027
2439	4	9	1	1	1.9752
2440	4	7	1	2	1.9737
2441	4	9	1	1	1.9651
2442	4	7	1	1	1.9554
2443	4	7	1	1	1.9293
2444	4	12	1	1	1.9247
2445	4	11	3	1	1.923
2446	4	7	1	1	1.8931
2447	4	9	1	1	1.8856
2448	4	9	1	1	1.8512
2449	4	7	1	1	1.843
2450	4	10	1	1	1.8067
2451	4	7	1	1	1.7896
2452	4	9	1	1	1.7842
2453	4	7	1	1	1.7537
2454	4	12	1	1	1.746
2455	4	7	1	1	1.7194
2456	4	11	3	1	1.7106
2457	4	8	1	1	1.7005
2458	4	9	1	1	1.6958
2459	4	7	1	1	1.6549
2460	4	9	1	1	1.5621
2461	4	10	1	1	1.505
2462	4	9	1	1	1.5029
2463	4	7	1	1	1.4699
2464	4	9	1	1	1.4481
2465	4	9	1	1	1.4393
2466	4	8	1	1	1.4144
2467	4	12	1	1	1.4098
2468	4	11	3	1	1.3951
2469	4	8	1	1	1.3893
2470	4	7	1	1	1.3299
2471	4	9	1	1	1.3233
2472	4	7	1	1	1.3083
2473	4	9	1	1	1.2351
2474	4	9	1	1	1.2333
2475	4	7	1	1	1.2084
2476	4	7	1	1	1.1803
2477	4	8	1	1	1.1533
2478	4	7	1	1	1.1449
2479	4	8	1	2	1.1131
2480	4	8	1	1	1.0771
2481	4	8	1	1	1.0638
2482	4	9	1	1	1.0622
2483	4	8	1	1	1.0102
2484	4	9	1	1	0.9857
2485	4	7	1	1	0.9749
2486	4	8	1	1	0.9003
2487	4	8	1	1	0.8995
2488	4	8	1	1	0.8811
2489	4	12	1	2	0.8726
2490	4	8	1	2	0.8301
2491	4	8	1	1	0.7531
2492	4	8	1	2	0.7475
2493	4	9	1	1	0.6579
2494	4	8	1	1	0.6552
2495	4	8	1	1	0.6546
2496	4	7	1	1	0.6435
2497	4	8	1	1	0.6407
2498	4	9	1	1	0.6085
2499	4	10	1	2	0.5587
2500	4	12	1	2	0.5538
2501	4	10	1	1	0.5
2502	4	12	1	2	0.4957
2503	4	10	1	2	0.4825
2504	4	9	1	1	0.4441
2505	4	12	1	2	0.4056
2506	4	12	1	2	0.4026
2507	4	12	1	2	0.3667
2508	4	12	1	2	0.362
2509	4	12	1	2	0.3259
2510	4	12	1	2	0.3168
2511	4	12	1	2	0.2969
2512	4	12	1	2	0.2847
2513	4	12	1	2	0.2788
2514	4	12	1	1	0.2481
2515	4	12	1	2	0.2391
2516	4	10	1	2	0.2364
2517	4	12	1	2	0.2263
2518	4	12	1	2	0.2222
2519	4	12	1	2	0.2127
2520	4	10	1	2	0.2103
2521	4	12	1	1	0.2082
2522	4	12	1	2	0.205
2523	4	12	1	2	0.1806
2524	4	12	1	2	0.177
2525	4	10	1	2	0.1706
2526	4	12	1	2	0.1697
2527	4	12	1	1	0.1614
2528	4	12	1	2	0.1551
2529	4	12	1	1	0.1516
2530	4	10	1	2	0.1468
2531	4	10	1	2	0.1456
2532	4	10	1	2	0.1439
2533	4	12	1	1	0.1432
2534	4	12	1	1	0.1432
2535	4	12	1	1	0.1424
2536	4	12	1	1	0.1419
2537	4	10	1	1	0.1406
2538	4	12	1	1	0.1406
2539	4	12	1	1	0.1402
2540	4	12	1	2	0.1396
2541	4	12	1	2	0.1394
2542	4	12	1	1	0.1366
2543	4	12	1	2	0.136
2544	4	12	1	2	0.1346
2545	4	12	1	2	0.1317
2546	4	10	1	2	0.1281
2547	4	12	1	2	0.128
2548	4	12	1	2	0.1264
2549	4	10	1	2	0.124
2550	4	10	1	1	0.1225
2551	4	12	1	2	0.122
2552	4	10	1	1	0.1206
2553	4	12	1	2	0.1181
2554	4	10	1	1	0.1173
2555	4	12	1	1	0.1103
2556	4	12	1	2	0.1087
2557	4	12	1	1	0.1082
2558	4	12	1	1	0.1078
2559	4	12	1	1	0.1061
2560	4	12	1	1	0.1057
2561	4	10	1	2	0.1039
2562	4	12	1	2	0.1026
2563	4	10	1	1	0.1003
2564	4	12	1	1	0.1
2565	4	12	1	1	0.0996
2566	4	12	1	1	0.0985
2567	4	12	1	1	0.0977
2568	4	12	1	1	0.0962
2569	4	12	1	1	0.0952
2570	4	12	1	2	0.0933
2571	4	10	1	1	0.0904
2572	4	10	1	1	0.0902
2573	4	12	1	1	0.0899
2574	4	12	1	1	0.0894
2575	4	10	1	1	0.0893
2576	4	12	1	1	0.0891
2577	4	12	1	2	0.0889
2578	4	10	1	1	0.0874
2579	4	10	1	1	0.0849
2580	4	10	1	2	0.0835
2581	4	12	1	1	0.0826
2582	4	12	1	1	0.0806
2583	4	12	1	1	0.0805
2584	4	10	1	2	0.0802
2585	4	12	1	1	0.0796
2586	4	12	1	1	0.0789
2587	4	12	1	2	0.0789
2588	4	10	1	1	0.0786
2589	4	12	1	1	0.0776
2590	4	12	1	1	0.0773
2591	4	10	1	1	0.0765
2592	4	10	1	1	0.076
2593	4	9	1	1	0.0757
2594	4	12	1	1	0.0755
2595	4	10	1	1	0.0741
2596	4	12	1	1	0.0741
2597	4	12	1	1	0.0733
2598	4	12	1	1	0.0731
2599	4	12	1	1	0.0728
2600	4	12	1	2	0.072
2601	4	12	1	1	0.071
2602	4	12	1	1	0.0693
2603	4	12	1	2	0.0686
2604	4	12	1	1	0.0678
2605	4	12	1	1	0.0676
2606	4	12	1	2	0.0658
2607	4	10	1	1	0.0657
2608	4	12	1	1	0.0654
2609	4	10	1	1	0.063
2610	4	12	1	2	0.0628
2611	4	12	1	1	0.0577
2612	4	10	1	2	0.0574
2613	4	12	1	1	0.0567
2614	4	8	1	1	0.054
2615	4	10	1	2	0.0538
2616	4	10	1	1	0.053
2617	4	12	1	1	0.0497
2618	4	12	1	2	0.0492
2619	4	10	1	1	0.0481
2620	4	12	1	2	0.0464
2621	4	10	1	2	0.0462
2622	4	10	1	1	0.0455
2623	4	12	1	1	0.0452
2624	4	10	1	1	0.0423
2625	4	10	1	1	0.0417
2626	4	10	1	1	0.0398
2627	4	12	1	1	0.0398
2628	4	10	1	1	0.0367
2629	4	8	1	1	0.0358
2630	4	12	1	1	0.0356
2631	4	12	1	2	0.0349
2632	4	10	1	1	0.0343
2633	4	10	1	1	0.0335
2634	4	10	1	1	0.0331
2635	4	10	1	2	0.0308
2636	4	10	1	1	0.0307
2637	4	10	1	2	0.0292
2638	4	12	1	1	0.0258
2639	4	12	1	2	0.0257
2640	4	10	1	1	0.02
2641	4	10	1	2	0.0191
2642	4	12	1	1	0.0165
2643	4	10	1	1	0.0132
2644	4	12	1	1	0.007
