Farm	Month	Year	Sex	clas1_4	LCT	KFI	Ecervi	Tb
AL	10	00	1	4	191	20.45	0	0
AL	10	00	1	4	180	16.4	0	0
AL	10	00	1	3	192	15.9	2.38	0
AL	10	00	1	4	196	17.3	0	0
AL	10	00	1	4	204	NA	0	NA
AL	10	00	1	4	190	16.3	0	0
AL	10	00	1	4	196	22.2	1.21	NA
AL	10	00	1	4	200	14.7	0	1
AL	10	00	1	4	197	13.5	0.8	0
AL	10	00	1	4	208	15.15	0	0
AL	10	00	1	4	216	15.2	0	0
AL	10	00	1	4	199	14.5	0.9	1
AL	10	00	1	4	178	11.55	53.6	1
AL	10	00	1	4	206	14	14.37	0
AL	11	02	2	3	164	24.52	0	0
AU	12	99	1	3	173	NA	27.7554	0
AU	12	99	1	3	172	26	5.4846	0
AU	12	99	1	4	184	16.1	5.4846	0
AU	12	99	1	3	170	NA	0	NA
AU	12	99	1	3	155	NA	0	NA
AU	12	99	1	4	195	28	36.0654	0
AU	12	99	1	4	180	NA	0	0
AU	12	99	1	4	190	27	3.9888	0
AU	12	99	1	3	169	NA	3.6564	NA
AU	12	99	1	4	184	NA	NA	NA
AU	12	99	1	4	169	NA	177.3354	0
AU	12	99	1	4	188	28.93	24.93	0
AU	12	99	1	4	185	NA	286.695	NA
AU	12	99	1	4	185	23	0.6648	0
AU	12	99	1	4	190	NA	NA	0
AU	12	99	1	3	158	24	3.6564	0
AU	12	99	1	3	153	NA	0	0
AU	12	99	1	4	167	NA	5.4846	NA
AU	12	99	1	4	174	NA	77.6154	NA
AU	12	99	1	3	170	41	24.93	0
AU	12	99	1	4	180	14	49.86	0
AU	02	01	1	4	173	20.6	2.5	0
AU	02	01	1	4	175	NA	50.9	NA
AU	02	01	1	3	176	11.85	24.15	0
AU	02	01	1	4	184	14.55	22	0
AU	02	01	1	3	153	NA	24.55	NA
AU	02	01	1	4	NA	NA	NA	NA
AU	02	01	NA	NA	NA	NA	NA	NA
AU	02	01	NA	3	NA	NA	NA	NA
AU	02	01	1	3	178	29.25	143.14	0
AU	02	01	1	3	174	16.25	9.7	0
AU	02	01	1	4	161	9.75	237.8	0
AU	02	01	1	3	169	NA	131.4	0
AU	02	01	1	3	170	15.05	27.62	0
AU	02	01	1	3	160	NA	20.7	NA
AU	02	01	1	4	175	15.55	20	0
AU	02	01	1	4	184	NA	104.1	NA
BA	01	00	2	NA	143	35	7.9776	0
BA	01	00	2	3	148	NA	38.226	0
BA	01	00	2	2	122	NA	0	NA
BA	01	00	2	4	139	NA	66.48	0
BA	01	00	2	NA	150	NA	NA	NA
BA	01	00	2	3	137	NA	0	NA
BA	01	00	2	NA	145	NA	0	0
BA	01	00	2	4	168	76	11.634	0
BA	01	00	2	3	161	55	2.8254	0
BA	01	00	2	NA	153	95	NA	0
BA	01	00	2	4	156	NA	116.34	0
BA	01	00	NA	1	116	20	0	0
BA	01	00	NA	1	128	NA	0	0
BA	01	00	2	4	148	NA	0	0
BA	01	00	1	4	170	NA	5.4846	NA
BA	01	00	2	3	158	NA	NA	0
BA	01	00	2	NA	NA	NA	NA	NA
BA	01	00	2	4	NA	20	NA	0
BA	01	00	2	4	NA	NA	NA	0
BA	01	00	2	4	NA	132	NA	0
BA	01	00	2	2	145	NA	28.5864	NA
BA	01	00	2	3	138	NA	0.3324	0
BA	01	00	NA	1	NA	NA	0	0
BA	01	00	NA	1	125	NA	2.8254	NA
BA	01	00	NA	1	134	NA	0	0
BA	01	00	1	2	149	17	NA	NA
BA	01	00	2	1	125	NA	0	0
BA	12	01	1	1	132	21.155	0	NA
BA	12	01	2	3	161	NA	NA	0
BA	12	01	2	4	158	NA	NA	NA
BA	12	01	2	4	154	33.19	14.9	0
BA	12	01	2	2	138	18.72	1.99	1
BA	12	01	2	4	164.3	2.51	1.85	NA
BA	12	01	NA	NA	NA	43.805	NA	NA
BA	12	01	2	4	159	53.49	15.58	0
BA	12	01	2	3	164	17.705	4.21	0
BA	12	01	2	3	153.5	53.085	19	0
BA	12	01	2	4	153	NA	NA	NA
BA	12	01	2	4	162	NA	NA	NA
BA	12	01	2	2	156	21.35	0	0
BA	12	01	2	4	164	NA	NA	NA
BA	12	01	2	4	169	NA	NA	NA
BA	12	01	2	2	150	14.965	0	0
BA	12	01	2	2	140	NA	1.21	0
BA	12	01	2	4	168	59.52	2.47	0
BA	12	01	2	3	163	NA	NA	NA
BA	12	01	2	4	165.2	NA	0	0
BA	12	01	2	4	147	NA	NA	NA
BA	12	01	2	2	148	34.69	NA	0
BA	12	01	2	1	129	NA	58	NA
BA	12	01	2	4	163	NA	NA	NA
BA	12	01	1	1	131	23.505	NA	NA
BA	12	01	2	4	165	33.69	NA	0
BA	12	01	2	3	168.5	14.76	7.91	0
BA	12	01	NA	NA	NA	NA	1	NA
BA	12	01	NA	NA	NA	NA	0	NA
BA	11	02	2	4	161	20.265	6	0
BA	11	02	2	2	137	11.27	477.36	0
BA	11	00	1	4	183	16	6.2	0
BA	11	00	1	3	173	10.55	126.1	0
BA	11	00	1	4	177	15	140	0
BA	11	00	1	4	175	9.35	475.7	0
BA	11	00	1	3	169	13.37	29.2	0
BA	11	00	1	4	178	9.7	168.7	0
BA	11	00	1	4	180	5.8	147.8	1
BA	11	00	1	4	187	7.3	51.9	0
BA	11	00	1	4	187	6.25	252.8	0
BA	11	00	1	4	176	11.85	266.9	0
BA	11	00	1	4	185	20.865	199.6	0
BA	11	00	1	3	159	10.285	40.1	0
BA	11	00	1	4	202	NA	84.9	NA
BA	11	00	1	4	159	51.305	15.9	0
BA	11	00	1	4	182	NA	285.3	0
BA	11	00	1	4	178	18.47	114.4	0
BA	11	00	1	4	181	13.805	112.24	0
BA	11	00	1	4	186	9.765	89.5	0
BA	11	00	1	4	187	7.8	205.8	0
BA	11	00	1	4	170	8.55	1357.8	0
BE	10	02	1	4	175	NA	519.6	NA
BE	10	02	1	3	140	NA	NA	NA
BE	10	02	1	4	158	NA	23.7	NA
BE	10	02	1	4	160	NA	56.9	NA
BE	10	02	1	4	NA	NA	NA	NA
BE	10	02	NA	4	NA	NA	NA	NA
BE	10	02	1	4	144	NA	NA	NA
BE	10	02	1	3	166.6	NA	39.75	NA
BE	10	02	1	4	160	NA	NA	NA
BE	10	02	1	3	180	NA	41.51	NA
BE	10	02	2	1	122	11.645	14.08	0
BE	10	02	1	3	NA	10.05	64.87	0
BE	10	02	1	3	145	NA	30.1	NA
BE	10	02	1	4	154	NA	117.14	NA
BE	10	03	1	4	170.5	23.27	1.15	0
BE	10	03	1	3	156	12.23	19.62	0
BE	10	03	1	4	165	25.31	17.99	0
BE	10	03	1	3	158	18.035	23.54	0
BE	10	03	1	3	162	26.035	7.41	0
CB	01	03	2	4	162	34.35	3.33	0
CB	01	03	2	2	153	24.555	3.25	0
CB	01	03	1	2	156.5	19.055	0	0
CB	01	03	2	4	162	36.895	2.4	NA
CB	01	03	2	2	136	20.58	0	0
CB	01	03	2	2	138.2	109.51	4.7	0
CB	01	03	2	4	159	31.94	1.9	NA
CB	01	03	2	1	126	5.2	0	0
CB	02	03	1	3	177	9.1	12.52	0
CB	02	03	2	1	139	6.05	0	0
CB	01	03	2	3	156.5	22.075	35.77	0
CB	01	03	1	4	169.8	13.825	16.22	0
CB	01	03	1	3	189	5.6	27.09	0
CB	01	03	1	3	169.5	8.705	178.42	0
CB	01	03	2	4	168	20.54	34.73	0
CB	01	03	2	2	152.8	43.385	15.04	0
CB	01	03	1	3	183	16.615	25.24	0
CB	03	03	2	4	146	16.42	126.61	0
CB	03	03	2	4	160	20.14	0	1
CB	03	03	2	4	155	48.21	0	0
CB	01	03	1	2	160	46.86	17.6	0
CB	02	03	2	1	116	8	0	0
CB	02	03	2	1	131.5	11.76	0	0
CB	02	03	2	2	154	19.585	47.01	0
CB	02	03	1	3	170	10.34	0	0
CB	02	03	1	3	165	9.205	0	0
CB	02	03	2	1	142	22.12	0	0
CB	02	03	2	1	131	6.14	0	0
CB	02	03	2	1	133.5	7.48	0	0
CB	03	03	2	1	139	7.545	0	0
CB	03	03	2	1	135.5	14.475	0	0
CB	10	03	2	4	156	11.095	NA	0
CB	08	03	1	4	179	93.92	0	0
CB	01	00	2	1	127.9	7.065	0	0
CB	03	03	2	3	169	NA	12.07	0
CB	03	03	1	4	187	NA	20.4	0
LN	01	01	1	3	179	22.87	129.71	0
LN	01	01	1	4	181	25.855	163.34	0
LN	01	01	1	4	189	30	89.64	0
LN	01	01	1	4	175	17.28	71.19	0
LN	01	01	1	4	190	13.665	20.4	1
LN	01	01	1	4	181	9.47	207.68	0
LN	01	01	1	4	182	14.74	37.77	0
LN	01	01	1	3	166	10.27	23.3	0
LN	01	01	1	4	190	3.14	125.35	0
LN	01	01	1	4	163	9.98	0	0
LN	01	01	1	3	170	13.68	161.48	1
LN	01	01	1	3	178	28.475	2.3	0
LN	01	01	1	4	189	26.905	284.31	0
LN	01	01	1	4	184	15.47	831.14	1
LN	01	01	1	3	178	33.455	112.1	0
LN	01	01	1	4	181	8.445	210.1	1
LN	01	01	1	4	174	10.19	160.75	0
LN	01	01	1	4	176	13.475	97.29	0
LN	01	01	1	4	177	15.5	41.6	0
LN	01	01	1	3	160	27.92	4.66	0
MAN	03	02	2	3	NA	6.1	NA	1
MAN	04	02	1	4	199	84.58	0	0
MAN	04	02	1	4	171	45.46	2	0
MAN	10	02	1	4	170	22.86	0	1
MAN	10	02	1	3	169	72.815	NA	NA
MAN	10	02	1	3	174	35.18	0	1
MAN	10	02	1	4	187	65.805	0	0
MAN	10	02	1	4	128	32.61	1.6	0
MAN	10	02	1	NA	176	NA	NA	NA
MAN	10	02	1	3	161	NA	NA	NA
MAN	10	02	1	NA	175	60	NA	1
MAN	10	02	2	3	143	95.615	5.9	0
MAN	10	02	2	4	163	NA	NA	NA
MAN	10	02	2	4	151	NA	NA	NA
MAN	10	02	1	4	199	14.08	35.8	1
MAN	10	02	2	2	131	NA	NA	NA
MAN	10	02	2	1	119	NA	NA	NA
MAN	10	02	2	4	163	74.42	NA	0
MAN	10	02	1	1	135	101.755	NA	NA
MAN	10	02	NA	NA	NA	91.495	NA	0
MAN	10	02	2	3	152	NA	NA	NA
MAN	10	02	2	3	143	NA	NA	NA
MAN	10	02	2	NA	NA	NA	NA	NA
MAN	10	02	2	3	137	NA	NA	NA
MAN	10	02	2	4	163	29.87	0	1
MAN	10	02	2	2	137	141.645	NA	NA
MAN	10	02	1	4	186	35.225	NA	1
MAN	10	02	2	4	146	104.655	0	1
MAN	10	02	2	1	115	29.54	0	NA
MAN	10	02	2	3	147	64.19	NA	1
MAN	10	02	2	3	146	172.105	69.75	0
MAN	10	02	2	3	144	164.87	NA	1
MAN	10	02	2	4	157	NA	NA	NA
MAN	10	02	2	2	129	62.9	0	NA
MAN	10	02	2	2	143	NA	NA	NA
MAN	10	02	2	4	154	NA	NA	NA
MAN	10	02	2	3	151	68.275	8.81	0
MAN	10	02	1	3	173	28.81	17.33	0
MAN	10	02	NA	NA	162	149.51	NA	1
MAN	10	02	1	4	172	11.24	24.61	0
MAN	10	02	NA	NA	168	42.89	6.49	1
MAN	10	02	NA	NA	NA	38.93	NA	1
MAN	10	02	1	4	186	15.675	NA	NA
MAN	10	02	NA	NA	NA	15.375	53.66	1
MAN	10	02	1	4	188	15.19	66.37	1
MAN	10	02	1	4	181	76.775	2.5	NA
MAN	10	02	1	4	187	13.91	0	1
MAN	10	02	1	3	167	48.315	NA	NA
MAN	10	02	NA	NA	NA	36.23	NA	1
MAN	12	02	2	2	NA	NA	NA	0
MAN	12	02	2	4	NA	NA	NA	0
MAN	12	02	2	4	NA	NA	NA	0
MAN	12	02	2	4	NA	NA	NA	0
MAN	12	02	2	4	NA	NA	NA	0
MAN	12	02	2	2	NA	NA	NA	0
MAN	12	02	1	4	NA	NA	NA	NA
MB	01	03	2	4	168.5	NA	17.47	0
MB	01	03	2	2	154	41.945	7.19	0
MB	01	03	2	3	155.5	37.985	15.73	0
MB	01	03	2	4	168	103.205	13.72	0
MB	01	03	2	4	169	111.99	12.13	1
MB	01	03	2	3	153	30.695	10.76	0
MB	01	03	2	4	156.5	58.85	48	1
MB	01	03	2	2	148	47.225	35.21	1
MB	01	03	2	4	150	52.895	29.3	0
MB	01	03	2	3	157	16.465	6.09	1
MO	07	00	2	2	143	100.5	0	0
MO	09	00	1	4	172	NA	143	0
MO	09	02	1	4	202	139.465	0	1
MO	09	02	2	2	147	70.805	0	0
MO	09	02	1	4	199	77.565	17.51	0
MO	09	02	1	4	197	83.56	91.44	1
MO	09	02	2	2	162	25.125	0	0
MO	09	02	1	4	209	40.325	0	0
MO	10	02	1	4	174	36.655	16.12	0
MO	10	02	1	4	200	7.35	44.59	1
MO	10	00	1	4	197	63.45	6.1	0
MO	10	02	1	4	182	22.19	17.3	0
MO	11	02	2	3	171	29.88	0	0
MO	11	02	2	3	160	18.635	0	0
MO	11	02	2	4	152	21	3.36	0
MO	11	02	2	4	161	29.32	12.95	0
MO	11	02	2	2	152	32.68	350.1	0
MO	11	02	1	1	127	9.87	NA	0
MO	11	02	2	2	159.5	20.445	0	0
MO	11	02	2	2	148	16.26	13.6	0
MO	11	02	2	2	147	19.565	15.04	1
MO	10	00	1	3	174	18.6	0	0
MO	12	02	2	3	158.5	23.46	4.4	0
MO	12	02	1	1	139	29.4	0	0
MO	12	02	2	2	147	54	0	0
MO	12	02	1	1	138	16.1	0	0
MO	12	02	2	4	145	27.4	0	0
MO	12	02	1	1	132	13.75	0	0
MO	12	02	2	4	165	57	0	0
MO	12	02	2	4	159	60	10.47	0
MO	12	02	2	4	166	43.5	0	0
MO	12	02	1	4	182	26.3	5.82	1
MO	10	00	1	3	170	33.92	16.5	0
MO	12	02	2	4	167	17.2	14.42	0
MO	12	02	2	3	161	24.65	0	0
MO	12	02	2	3	158	26.65	0	0
MO	01	03	1	1	136	11.98	0	0
MO	01	03	2	3	170.5	56.495	3.98	0
MO	01	03	2	1	124	32.84	0	0
MO	01	03	1	1	142	13.4	1.14	0
MO	01	03	2	4	164	31.49	8.22	0
MO	01	03	2	3	153	22.565	0	0
MO	01	03	2	4	162	65.57	0	0
MO	10	00	2	3	148	11.15	0	0
MO	10	00	2	4	165	43	1	1
MO	10	00	2	2	156	43.35	0	0
MO	11	00	1	1	75	31.5	0	0
MO	12	00	1	3	197	11.05	42.4	0
MO	12	00	2	1	135	NA	0	0
MO	07	00	2	4	153	13.95	0	0
MO	12	00	2	4	165	28.8	38.8	0
MO	12	00	2	4	152	69.2	0	0
MO	12	00	2	2	163	61.4	16.5	0
MO	12	00	2	3	150	30.7	0	1
MO	12	00	2	4	150	37	43.3	0
MO	12	00	2	4	168	200	22.2	0
MO	12	00	2	4	164	76.45	0	0
MO	01	01	2	3	150	14.95	0	0
MO	01	01	1	3	145	10.9	0	0
MO	01	01	2	1	127	14.85	0	0
MO	07	00	2	1	85	15.1	0	0
MO	01	01	1	3	171	11.65	0	0
MO	01	01	1	3	168	16.35	14	0
MO	01	01	1	2	164	14.75	0	0
MO	01	01	2	4	173	27.15	0	0
MO	01	01	1	1	126	15.2	0	0
MO	01	01	2	4	159	34.9	8	1
MO	01	01	2	2	152	61	0	0
MO	01	01	1	1	152	10.05	0	0
MO	01	01	2	4	168	77.2	15.8	0
MO	02	01	1	3	167	14.6	0	1
MO	09	00	1	3	160	41.85	0	1
MO	02	01	2	2	173	37.75	0	0
MO	02	01	2	1	125	28.305	0	0
MO	02	01	2	3	170	37.05	0	0
MO	02	01	2	4	162	30.65	28.2	1
MO	05	01	2	4	174	59.5	0	0
MO	07	01	2	1	91.6	5	0	1
MO	09	01	1	3	174	111.2	1.19	0
MO	09	01	1	4	158	123	130.4	0
MO	09	01	1	4	162	88.255	15.92	0
MO	09	01	1	4	170	30.025	0	0
MO	09	00	1	4	197	47.15	0	1
MO	09	01	1	4	148	82.25	7.35	0
MO	09	01	2	4	131	7.1	8.63	0
MO	10	01	1	3	147	14.5	0	1
MO	10	01	1	4	188.5	12.345	28.19	0
MO	11	01	1	3	205	17.43	17.7	0
MO	12	01	2	2	152	92.37	0	1
MO	12	01	2	4	152	31.895	0	0
MO	12	01	2	2	138	15.025	0	0
MO	01	02	2	4	167	15.5	0	1
MO	01	02	1	1	142	18	0	0
MO	09	00	1	2	130	12.4	0	0
MO	01	02	2	2	167	66	NA	0
MO	02	02	2	4	151	94.5	0	0
MO	02	02	2	3	158	43	0	1
MO	02	02	2	3	148	20	0	1
MO	02	02	2	3	152	37.5	0	0
MO	02	02	1	1	136	29	0	0
MO	02	02	2	4	162	37	0	1
MO	02	02	2	1	135	11.5	0	0
MO	02	02	2	4	152	65	20	0
MO	02	02	2	2	149	72	0	0
MO	09	00	1	2	155	135.7	0	0
MO	02	02	2	3	151	52	0	0
MO	03	02	2	4	167	112.5	1.98	0
MO	03	02	2	3	163	78.5	0	0
MO	03	02	2	4	158	55.5	0	0
MO	03	02	2	2	153	79.5	16.24	0
MO	03	02	2	3	166.5	89	0	0
MO	03	02	2	4	171	108.5	4.024	0
MO	03	02	2	1	131	19.5	0	0
MO	03	02	2	4	168	48	7.49	1
MO	03	02	2	3	160.5	105	0.92	0
MO	09	00	1	4	188	65.95	0	1
MO	03	02	2	4	163	56.5	14.91	0
MO	03	02	1	1	155	22	0	0
MO	03	02	2	3	155	41.5	0	0
MO	03	02	2	4	168	112	0	0
MO	03	02	2	3	169	101.5	0	0
MO	03	02	2	1	132	25	0	0
MO	03	02	2	4	170	16.145	0	0
MO	03	02	2	3	170	37	0	0
MO	04	02	1	1	142.3	17.5	0	0
MO	07	02	2	2	143	49.845	0	0
MO	07	00	1	4	195	84.1	0	0
MO	07	02	2	4	158	83.39	0	0
MO	07	02	1	3	177	191.325	0	0
MO	07	02	2	4	178	46.94	10.92	0
MO	09	02	2	4	165	23.725	66.94	0
MO	09	02	2	1	121	18.49	0	0
MO	09	02	1	4	214	124.5	0	1
MO	09	02	1	4	202	75.115	4.52	0
MO	09	02	1	4	201	75.5	1.13	0
MO	09	02	1	4	182	65.455	NA	1
MO	02	03	1	3	149	9.575	0	0
MO	02	03	2	4	152	31.748	0	0
MO	02	03	1	3	163	10.89	0	1
MO	02	03	1	3	198	17.2	7.1	1
MO	02	03	2	4	159	18.265	3.59	0
MO	02	03	2	3	158	26.345	5.87	1
MO	02	03	2	1	150.5	27.56	0	0
MO	02	03	2	1	116	16.26	0	0
MO	02	03	2	2	155	36.87	0	0
MO	02	03	2	2	156.5	16.435	7.9	0
MO	02	03	2	4	181	34.565	4.48	0
MO	02	03	2	1	158.5	30.25	0	0
MO	02	03	2	3	162	50.03	0	0
MO	02	03	2	4	166	35.605	0	0
MO	02	03	1	2	126	26.035	0	0
MO	02	03	2	3	159	38.02	0	0
MO	02	03	2	3	165	81.29	14.17	0
MO	02	03	2	3	178	81.595	1.13	0
MO	02	03	2	3	158	34.895	NA	0
MO	05	03	2	4	165	21.405	NA	1
MO	06	03	1	3	158	80.5	24.52	0
MO	08	03	1	4	208	158.045	107.6	1
MO	08	03	1	4	182	116.665	0	0
MO	09	03	1	2	148	21.965	0	0
MO	09	03	1	2	152	32.64	0	0
MO	09	03	1	2	158	21.155	0	0
MO	09	03	2	4	173	37.5	0	1
MO	09	03	1	1	136	7.85	0	0
MO	09	03	1	3	158	134	NA	0
MO	09	03	2	2	157	25.1125	33.24	0
MO	09	03	1	3	191	19.37	0	0
MO	10	03	1	4	NA	NA	NA	NA
MO	10	03	1	3	183	19.77	0	0
MO	10	03	1	2	164	NA	0	0
MO	11	03	1	3	176	19.015	2.15	0
MO	11	03	1	3	187	21.715	0	0
MO	11	03	1	3	185	11.87	0	0
MO	11	03	2	3	152	33.85	0	0
MO	12	03	2	4	171	43.575	12.5	0
MO	12	03	2	4	159	50.335	72.54	0
MO	12	03	1	1	132	13.015	2.17	0
MO	12	03	2	1	141.5	13.3	0	0
MO	12	03	2	3	162	68.235	0	0
MO	12	03	2	3	157	22.485	0	0
MO	12	03	2	2	139	22.435	0	0
MO	12	03	2	3	165	56.2	0	0
MO	01	04	1	4	194	5.825	1.7	0
MO	01	04	2	2	167	55.285	67.83	0
MO	01	04	2	1	136	12.015	0	0
MO	01	04	1	4	196	22.485	1.09	0
MO	01	04	1	4	196	16.08	7.66	0
MO	01	04	1	4	198	6.98	7.28	0
MO	01	04	1	4	186	12.08	12.33	0
MO	01	04	1	4	197	14.945	37.23	1
MO	01	04	2	2	167	19.48	0	0
MO	01	04	2	3	158	55.665	0	0
MO	01	04	2	4	169	33.8	1.18	1
MO	01	04	1	3	170	19.545	0	0
MO	01	04	2	3	191	69.91	2.43	0
MO	01	04	2	4	157.2	53.94	30.78	0
MO	01	04	1	4	179	15.3	1.21	0
MO	01	04	2	4	159	28.685	9.47	0
MO	01	04	1	3	168	35.68	NA	0
MO	01	04	2	4	163	106.445	3.06	0
MO	01	04	1	1	144	19.01	0	0
MO	01	04	1	4	187	11.45	26.37	0
MO	02	04	2	3	168	63.81	0	0
MO	02	04	1	1	137	24.945	0	0
MO	02	04	1	3	171	23.555	0	0
MO	02	04	2	1	157	15.225	24.5	0
MO	02	04	2	4	171	55.76	0	0
MO	02	04	2	3	152	45.46	0	0
MO	02	04	2	1	132	20.915	NA	0
MO	02	04	2	3	158	105.29	23.16	0
MO	02	04	2	4	166	91.57	10.34	0
MO	02	04	2	3	158	60.975	0	0
MO	02	04	2	1	132	15.57	0	0
MO	02	04	1	3	174	19.44	0	0
MO	02	04	1	3	186	16.795	1.97	0
MO	02	04	1	3	187	48.675	21.89	0
MO	02	04	1	3	178	30.305	5.92	0
MO	02	04	1	3	184	32.41	0	0
NC	01	00	2	4	164	36	1.1634	NA
NC	01	00	2	2	NA	67	0	0
NC	01	00	2	2	143	50	19.944	0
NC	01	00	2	2	143	31	0	0
NC	01	00	2	3	153	64	0	0
NC	01	00	2	3	158	NA	2.22708	0
NC	01	00	2	3	159	63	0	0
NC	01	00	2	3	150	NA	0	NA
NC	01	00	2	4	166	37	3.324	0
NC	01	00	2	3	153	NA	0	0
NV	02	00	2	4	150.5	52	0	0
NV	02	00	2	4	153	24	6.48	0
NV	02	00	2	3	148	56	3.24	NA
NV	02	00	2	4	169	20	19.44	0
NV	02	00	2	2	147	40	0	0
NV	02	00	2	4	154	37	0	0
NV	02	00	2	3	148.7	76	32.4	0
NV	02	00	2	4	159	NA	6.48	0
NV	02	00	2	4	152	35	0	NA
NV	02	00	2	4	149	53	35.64	NA
NV	02	00	2	NA	NA	NA	NA	0
NV	02	00	2	3	151	39.4	0	NA
NV	02	00	2	NA	NA	NA	NA	0
NV	02	00	2	2	147	NA	0	NA
NV	02	00	2	4	138	47	6.48	1
NV	02	00	2	4	165	40.97	3.24	NA
NV	02	00	2	3	166	16.86	9.72	0
NV	02	00	2	1	132	12.445	0	NA
NV	02	00	2	4	158	29	0	NA
NV	02	00	2	4	164	43	68.04	0
NV	06	02	1	NA	176	125.47	NA	0
NV	06	02	1	4	179	90.95	NA	NA
NV	06	02	1	3	172	76.095	NA	0
NV	06	02	1	NA	172	62.235	NA	0
PN	11	00	1	4	166	12.75	13.55	0
PN	11	00	1	3	166	8.8	6.7	0
PN	11	00	1	3	172	14.15	32.8	0
PN	11	00	1	3	171	17.65	145	0
PN	11	00	1	3	166	NA	28.2	NA
PN	11	00	1	4	177	17.5	21.8	0
PN	11	00	1	4	178	NA	5.7	0
PN	11	00	1	4	176	9.8	8.5	0
PN	11	00	1	4	184	NA	32.9	NA
PN	11	00	1	3	183	19	44.7	0
PN	11	00	1	4	172	9.4	86.3	0
PN	11	00	1	4	173	16.95	190.43	0
PN	11	00	1	3	162	9.6	9.8	0
PN	11	00	1	4	179	8.8	39.5	NA
PN	11	00	1	3	169	9.35	25.8	0
PN	11	00	1	4	176	6.15	51.8	0
PN	11	00	1	4	184	5.4	23	0
PN	11	00	1	3	175	9.2	7.2	0
PN	11	00	1	4	175	7.95	40.5	0
PN	11	00	1	4	178	5.8	1	0
PN	01	02	2	1	130	21.185	0	0
PN	01	02	2	4	149.6	66.2	7.75	0
PN	01	02	2	3	160	15.035	15	0
PN	01	02	2	3	168	38.63	NA	0
PN	01	02	2	3	150	NA	NA	NA
PN	01	02	2	3	149	27.935	11.59	0
PN	01	02	2	4	163	16.285	12.56	0
PN	01	02	2	4	154	NA	NA	NA
PN	01	02	2	4	155	52.245	3.41	0
PN	01	02	2	4	148	48.565	14.94	0
PN	01	02	2	3	165	49.83	1.1	0
PN	01	02	2	1	126	23.64	0	0
PN	01	02	2	2	NA	56.435	22.5	0
PN	01	02	2	2	149.8	54.065	19.88	0
PN	01	02	2	2	146.7	44.265	0	0
PN	01	02	2	4	NA	38.4	46.15	0
PN	01	02	2	4	161	24.46	37.7	0
PN	01	02	2	4	164	NA	NA	NA
PN	01	02	2	4	152.8	31.7	75.04	0
PN	01	02	2	4	168.1	32.07	7.48	0
PN	01	02	2	4	165.5	95.715	7.04	0
PN	01	02	2	4	152	32.99	13.55	0
PN	02	03	2	4	173.5	34.82	3.53	0
PN	10	03	1	4	170	12.855	NA	0
PN	10	03	1	4	171	17.46	NA	0
QM	10	02	2	1	137	15.605	29.64	0
QM	10	02	2	3	157.5	120.55	94.2	0
QM	10	02	2	1	117	28.34	170.2	0
QM	10	02	1	1	115	28.225	NA	1
QM	10	02	2	1	143	20.095	678.13	0
QM	10	02	2	1	114	21.18	13.44	0
QM	10	02	1	3	160	24.52	67.8	1
QM	10	02	2	2	142.5	14.94	NA	0
QM	10	02	1	2	142.1	22.41	26.98	0
QM	10	02	2	1	115	23.6	0	0
QM	10	02	2	1	131	16.21	0	0
QM	10	02	2	2	129	23.295	169.88	0
QM	10	02	2	4	168	56.415	39.93	0
QM	11	02	1	4	175	27.9	60.39	0
QM	11	02	2	3	149.5	106.15	89.74	0
QM	11	02	1	2	148	25.85	24.38	0
QM	11	02	1	3	157	13.5	0	0
QM	11	02	1	3	152.5	44	53.61	0
QM	11	02	2	4	155	51.85	15.54	0
QM	11	02	1	3	161.5	65	209.11	1
QM	11	02	2	4	160.8	64.5	NA	0
QM	11	02	1	2	130	46.46666667	263	0
QM	10	02	1	1	120	16.95	5	0
QM	11	02	1	2	143	21.4	1055.7	0
QM	11	02	1	2	144.2	16.15	645.23	0
QM	11	02	2	1	106	20.2	0	0
QM	11	02	2	2	136	30	0	0
QM	11	02	1	2	148	22	192.34	0
QM	11	02	1	2	145	41.1	0	0
QM	11	02	2	4	149.7	28.45	17.78	0
QM	11	02	2	4	165	67.65	22.23	0
QM	11	02	1	3	154	18.45	NA	0
QM	11	02	2	4	161	57.15	12.31	1
QM	10	02	2	2	135	15.17	0	0
QM	11	02	2	1	NA	23.55	0	0
QM	11	02	1	4	175.5	27.36	0	0
QM	11	02	2	4	157	45.25	17.49	0
QM	11	02	2	4	160	23.55	0	1
QM	11	02	1	4	162	12.28	6.023	0
QM	11	02	2	4	158.6	12.54	1.7	0
QM	11	02	2	4	151	27.66	8.83	0
QM	11	02	1	4	157	24.7	5.8	0
QM	11	02	1	4	177	13.27	43.7	0
QM	11	02	1	4	173.5	7.68	33.33	0
QM	10	02	2	1	108	25.45	2.4	0
QM	11	02	2	4	144	50.11	0	0
QM	11	02	2	4	165	8.79	0	0
QM	11	02	NA	NA	NA	NA	3.7	NA
QM	11	02	2	4	152	27.6	108.42	0
QM	11	02	1	3	155.5	10.3	51.33	1
QM	10	02	1	1	120	81.82	6.35	0
QM	10	02	1	1	112	18.005	0	0
QM	10	02	1	3	184	21.19	NA	0
QM	10	02	1	4	168.5	11.9	179	1
RF	01	00	1	4	181	NA	29.916	0
RF	01	00	1	4	174	12	113.016	NA
RF	01	00	1	3	NA	16.7	1.1634	0
RF	01	00	1	4	180	25	13.296	0
RF	01	00	1	3	172	NA	160.7154	0
RF	01	00	1	3	155	10.95	255.948	0
RF	01	00	1	4	177	29	141.7686	0
RF	01	00	1	3	155	45	12.1326	0
RF	01	00	1	3	170	NA	8.8086	NA
RF	01	00	1	3	NA	NA	96.396	NA
RF	01	02	1	4	160	11.885	98.07	0
RF	01	02	1	4	170	NA	NA	NA
RF	01	02	2	3	150	8.9	91.7	0
RF	01	02	NA	3	NA	12.24	71	0
RF	01	02	1	4	NA	9.575	50.87	0
RF	01	02	1	4	NA	11.595	2.21	0
RF	01	02	1	4	173	NA	NA	NA
RF	01	02	2	4	163	14.785	6.7	0
RF	01	02	2	1	118	NA	0	NA
RF	01	02	2	1	114	NA	0	NA
RF	01	02	2	4	162.4	24.385	13.51	1
RF	01	02	2	4	163	29.41	4.79	0
RF	01	02	2	3	NA	NA	NA	NA
RF	11	02	1	4	177	13.595	1442	0
RF	11	02	2	4	158.4	15.535	NA	0
RF	11	02	1	4	168.5	14.265	109.2	0
RF	11	02	2	4	141	25.175	32.9	0
RF	11	02	2	4	158	21.91	NA	0
RF	11	02	2	4	150	71.01	NA	0
RF	11	02	1	4	160	18.165	2.33	0
RF	11	02	2	4	164	29.72	NA	0
RF	11	02	1	4	177.4	NA	NA	NA
RF	11	02	2	4	157	15.5	5.93	0
RF	11	02	NA	NA	NA	NA	543.08	NA
RÑ	12	00	1	3	169	5.5	0	NA
RÑ	12	00	1	3	173	13.3	0.8	NA
RÑ	12	00	1	3	169	12.045	1.2	0
RÑ	12	00	1	4	172	10.75	0	0
RÑ	12	00	1	3	174	NA	0	NA
RÑ	12	00	1	3	166	9.05	0	0
RÑ	12	00	1	2	191	12.15	0	0
RÑ	12	00	1	3	189	11.05	11.9	0
RÑ	12	00	1	3	185	9.4	NA	0
RÑ	12	00	1	3	174	7.9	0	0
RÑ	12	00	1	4	178	10.9	0	0
RÑ	12	00	1	3	NA	8.585	0	0
RÑ	12	00	1	4	159	54.8	40.4	NA
RÑ	12	00	1	4	176	6.8	26.9	0
RÑ	12	00	1	4	160	20.9	32.9	0
RÑ	02	03	2	1	137	NA	0	0
RÑ	02	03	2	1	128	10.445	0	0
RÑ	02	03	1	1	143	31.015	0	0
RÑ	02	03	1	1	134	8.275	0	0
RÑ	02	03	2	3	150	25.205	0	0
RÑ	02	03	2	1	122	18.27	0	0
RÑ	02	03	2	2	151	36.535	0	0
RÑ	02	03	1	1	131	11.29	0	0
RÑ	02	03	2	4	163	80.815	11.85	0
RÑ	02	03	2	4	164.3	44.135	0	0
RO	11	00	1	4	174	16.85	221.3	NA
RO	11	00	1	4	NA	NA	518.2	NA
RO	11	00	1	4	171	12.4	29.4	0
RO	11	00	1	4	NA	7.1	434.85	0
RO	11	00	1	4	169	6.3	63.7	0
RO	11	00	1	4	NA	11	233.3	0
RO	11	00	1	4	178	14.9	556.3	0
RO	11	00	1	3	168	NA	110.4	NA
RO	11	00	1	3	162	13.4	108.1	0
RO	11	00	1	3	182	7.8	71.1	0
RO	11	00	1	3	172	9.3	13.7	NA
RO	11	00	1	3	158	13.85	77.7	0
RO	11	00	1	4	178	NA	NA	NA
RO	11	00	1	4	186	NA	12.1	NA
RO	11	00	1	4	179	NA	160.6	0
RO	11	00	1	4	175	8.6	11.6	0
RO	11	00	1	3	163	NA	2186.6	NA
RO	11	00	1	3	163	9.6	242.5	0
RO	01	02	1	4	159	19.95	8.75	0
RO	01	02	NA	1	NA	NA	NA	NA
RO	01	02	1	4	177	10	45	0
RO	01	02	2	4	162	NA	NA	0
RO	01	02	2	3	156	34.155	NA	0
RO	01	02	2	2	137.9	18.93	6.25	0
RO	01	02	1	1	126.4	10.99	0	0
RO	01	02	2	4	157.5	12.605	2.5	0
RO	01	02	2	4	170	21.565	0	0
RO	01	02	1	4	160	14.715	10	0
RO	01	02	1	4	168	9.19	NA	NA
RO	01	02	1	4	161	6.055	35	0
RO	01	02	1	4	169	NA	NA	0
RO	01	02	2	3	NA	9.54	15	NA
RO	01	02	NA	4	171	NA	NA	NA
RO	01	02	2	4	144	28.7	39	0
RO	01	02	NA	NA	NA	16.74	1.25	NA
RO	01	02	1	4	172.5	23.275	8.75	0
RO	01	02	2	4	169	14.84	NA	0
RO	01	02	2	2	144.9	18.37	15	0
RO	01	02	2	4	151	31.995	8.75	0
RO	01	02	2	2	131	8.095	25	0
RO	01	02	2	4	156	21.81	2.5	0
RO	01	02	2	2	NA	NA	0	NA
RO	11	02	1	4	174	21.045	114.8	0
RO	11	02	1	4	177	9.7	434.02	0
SAL	02	02	NA	4	NA	NA	NA	1
SE	11	01	1	4	181	37.39	0.837	1
SE	11	01	1	3	179	22.755	11.86	0
SE	11	01	1	4	190	36.3	40	1
SE	11	01	1	3	174	36.955	6.77	0
SE	11	01	1	4	191	5.55	0	1
SE	11	01	1	4	188	34.83	57.48	1
SE	11	01	1	4	189	36.31	48.84	1
SE	11	01	1	3	180	21.87	2.2	0
SE	11	01	1	3	194	16.115	110.08	0
SE	11	01	1	4	178	17.43	39.55	1
SE	11	01	1	4	176	22.36	0	1
SE	11	01	1	4	174	24.1	81.31	0
SE	11	01	1	3	177	13.85	19.07	0
TI	01	01	1	4	175	13.05	31.3	NA
TI	01	01	1	4	192	13.1	3.6	0
TI	01	01	1	4	200	13.1	7	NA
TI	01	01	1	4	185	9	22.7	NA
TI	01	01	1	4	184	23.5	14	NA
TI	01	01	1	4	178	15.8	22.9	0
TI	01	01	1	4	188	8.5	4.5	0
TI	01	01	1	4	179	17.55	6.8	0
TI	01	01	1	4	183	NA	0	NA
TI	01	01	1	4	172	10.8	6.5	NA
TI	01	01	1	4	175	9.55	NA	NA
TI	01	01	1	4	182	14.55	49.2	0
TI	01	01	1	4	179	7.75	12.3	0
TI	01	01	1	4	173	NA	NA	NA
TI	01	01	1	4	184	NA	14.5	NA
TI	01	01	1	4	187	16.35	65.1	NA
TI	01	01	1	4	170	17.8	0.8	NA
TI	01	01	1	4	175	17.05	17.6	0
TI	01	01	1	4	179	9.2	8	0
TI	01	01	1	4	184	16.5	10.1	0
TI	01	01	1	4	182	9.8	17.5	NA
TN	02	00	1	4	179	NA	84.24	0
TN	02	00	2	4	160	NA	12.96	NA
TN	02	00	2	2	138	NA	29.16	NA
TN	02	00	2	3	148	NA	109.1718	NA
TN	02	00	1	2	154.5	NA	0	0
TN	02	00	1	2	144.9	NA	84.24	NA
TN	02	00	1	3	155	NA	87.48	0
TN	02	00	2	4	149	NA	53.9946	0
TN	02	00	2	3	148	NA	9.72	NA
TN	02	00	2	3	146.5	NA	38.88	0
TN	02	00	2	2	146	NA	16.2	1
TN	02	00	2	4	160	NA	86.2326	0
TN	02	00	2	3	151	NA	16.2	0
TN	02	00	2	3	157	NA	8.1	0
VY	10	02	1	2	166	26.82	364	NA
VY	10	02	2	4	165	57.14	36.46	NA
VY	10	02	1	3	143	NA	20.12	NA
VY	10	02	1	4	NA	NA	10	NA
VY	10	02	1	NA	NA	NA	NA	NA
VY	10	02	2	4	167	NA	NA	NA
VY	10	02	1	3	141	NA	NA	0
VY	10	02	1	4	148	NA	NA	NA
VY	10	02	1	4	166	NA	NA	NA
VY	10	02	2	4	139	NA	NA	NA
VY	10	02	1	4	177	21.35	NA	NA
VY	10	02	1	2	149	NA	NA	0
VY	10	02	2	4	146	20.77	9.57	NA
VY	10	02	2	4	151	92.49	11.28	0
VY	10	02	1	2	140	19.475	6.24	1
VY	10	02	2	4	149	NA	NA	NA
VY	10	02	2	4	155	NA	NA	0
VY	10	02	1	2	141	NA	NA	NA
VY	10	02	NA	NA	NA	20.15	NA	0
VY	10	02	2	4	170	NA	NA	NA
VY	10	02	2	4	151	NA	NA	0
VY	10	02	2	2	136	20.6	NA	0
VY	10	02	1	3	148	25.815	0	1
VY	10	02	NA	NA	NA	NA	NA	1
VY	10	02	1	4	NA	28.465	NA	1
VY	10	02	2	4	NA	26.34	NA	0
VY	10	02	2	4	NA	25.17	NA	0
VY	10	02	2	4	NA	14.18	NA	NA
VY	10	02	1	3	NA	25.14	0	0
VY	10	02	NA	1	NA	17.545	NA	0
VY	10	02	2	3	NA	19.365	NA	0
VY	10	02	1	1	NA	NA	NA	NA
VY	10	02	2	4	164	47	NA	NA
VY	10	02	2	3	148	NA	NA	NA
VY	10	02	2	1	118	NA	NA	NA
VY	10	02	2	3	152	32.7	NA	NA
VY	10	02	2	3	148	NA	NA	NA
VISO	11	02	1	4	165	42.4	96.6	0
VISO	11	02	1	4	167	30.8	0	0
VISO	11	02	1	4	160	3.155	38.6	0
VISO	11	02	1	4	164.7	21.365	24.1	0
VISO	11	02	1	4	157	30.075	4.9	0
VISO	11	02	1	4	158	61.035	0	0
VISO	11	02	1	4	166.9	42	NA	0
VISO	11	02	1	3	149	56.415	7.99	0
VISO	11	02	1	4	167	97.56	1.4	0
VISO	11	02	1	4	161	99.2	58.3	0
VISO	11	02	1	4	166.1	NA	18.6	NA
VISO	11	02	1	4	166.5	32.755	495	0
VISO	11	02	1	4	114.3	16.39	21.7	0
VISO	11	02	1	4	174.5	21.33	250.9	0
VISO	NA	NA	NA	NA	NA	NA	NA	1
MB	12	02	1	4	184	NA	0	NA
MB	12	02	1	4	190	NA	3.15	NA
MB	12	02	1	4	181.5	NA	7.71	NA
MB	12	02	1	4	182	NA	0	NA
MB	12	02	1	4	185	NA	NA	NA
MB	12	02	1	4	190.7	NA	NA	NA
MB	12	02	1	4	180.7	NA	27.35	0
MB	12	02	1	4	180.3	NA	52.1	NA
MB	12	02	1	4	179.4	NA	2.2	NA
MB	12	02	1	3	177	NA	NA	0
MB	12	02	1	4	172	NA	22.43	NA
MB	12	02	1	4	176	38.26	5.3	0
MB	12	02	1	4	181.2	NA	NA	NA
MB	12	02	1	4	171	NA	1.17	NA
MB	12	02	1	4	179	NA	0	NA
MB	12	02	1	4	179	NA	31.35	NA
MB	12	02	1	4	181.9	NA	3.85	NA
MB	12	02	1	4	172	NA	3.8	NA
MB	12	02	1	2	153	66.105	61.9	0
MB	12	02	1	4	162	NA	NA	NA
MB	12	02	1	3	172.5	NA	24.42	NA
MB	12	02	1	3	168	34.66	31.32	0
MB	12	02	2	NA	115	NA	53.5	NA
MB	12	02	2	4	164.2	118.21	3.5	0
MB	12	02	2	NA	165	NA	NA	NA
MB	12	02	2	4	152.2	34.21	30.2	0
MB	12	02	2	3	146	63.63	57.8	0
MB	12	02	2	4	167	NA	NA	NA
MB	12	02	2	4	166.5	68.025	47.12	0
MB	12	02	2	3	142.2	99.2	0	1
MB	12	02	2	4	159.7	70.73	8	0
PA	12	02	2	4	NA	NA	NA	0
PA	12	02	2	4	NA	NA	NA	0
PA	12	02	2	4	NA	NA	NA	0
PA	12	02	2	4	NA	NA	NA	0
PA	12	02	2	4	NA	NA	NA	0
PA	12	02	2	4	NA	NA	NA	0
PA	12	02	2	4	NA	NA	NA	0
PA	12	02	2	4	NA	NA	NA	0
PA	12	02	2	4	NA	NA	NA	0
PA	12	02	NA	1	NA	NA	NA	0
PA	12	02	1	4	NA	NA	NA	0
SE	10	03	1	1	121.5	9.785	0	0
SE	09	03	2	1	105.5	NA	0	0
SE	09	03	1	1	117	NA	0	0
SE	10	03	2	3	157.5	8.12	19.66	1
SE	10	03	2	2	151.5	6.81	152.67	0
SE	09	03	2	3	167	NA	96.53	0
SE	09	03	2	4	159	NA	0	0
SE	09	03	2	4	161	9.955	40.669	1
SE	10	03	2	2	146.5	6.305	48.94	1
SE	10	03	2	3	162.5	7.415	84.11	0
SE	10	03	2	4	172	8.665	47.94	0
SE	10	03	2	4	175	7.03	260.2	0
SE	10	03	2	3	163.5	11.415	121.41	0
LN	09	03	1	1	118	NA	0	0
LN	09	03	1	1	103	NA	0	0
LN	09	03	1	4	199	NA	125.89	0
LN	09	03	1	3	174	NA	37.03	0
LN	09	03	1	4	198	NA	141.21	0
LN	09	03	1	2	145	NA	33.31	0
LN	09	03	1	4	192	NA	NA	0
LN	09	03	1	3	172	9.335	96.25	1
LN	09	03	2	3	177	NA	73.05	0
LN	09	03	2	3	165	NA	97.97	0
LN	09	03	1	4	184	4.063	127.33	1
LN	09	03	1	4	191	NA	79.81	0
LN	09	03	2	4	165	NA	22.187	0
LN	09	03	2	4	176	NA	86.37	0
CB	08	03	2	2	153.5	NA	21.9	0
CB	08	03	2	4	162	NA	427.3	0
CB	08	03	2	2	143	NA	354.4	0
CB	08	03	2	2	164	NA	20.85	0
CB	08	03	2	3	164	NA	56.85	0
CB	08	03	2	2	160	NA	34.78	0
CB	08	03	2	4	168	NA	145	0
CB	08	03	2	3	165	NA	65.57	0
CB	08	03	2	2	153	NA	40.7	0
CB	08	03	2	2	164	NA	70.009	0
CB	08	03	2	2	147	NA	221.68	0
CB	08	03	2	3	154.5	NA	133.87	0
CB	08	03	2	2	143	NA	88.96	0
CB	08	03	2	4	174.8	NA	109.86	0
CB	08	03	2	2	157	NA	1.9	0
CB	08	03	2	1	114.5	NA	0	0
CB	09	03	2	1	132	NA	0	0
CB	09	03	2	2	166	NA	NA	0
CB	09	03	2	2	162	NA	68.26	0
CB	09	03	2	1	110.3	NA	0	0
CB	09	03	2	1	111.9	NA	0	0
CB	09	03	2	1	120.5	NA	0	0
CB	09	03	1	1	121.5	NA	0	0
CB	06	03	1	2	158	NA	135.88	0
CB	06	03	1	2	148	NA	180.45	0
CB	06	03	2	2	153	NA	335.35	0
CB	06	03	1	3	190	138.87	16.67	0
CB	06	03	2	4	156	NA	NA	0
CB	06	03	2	2	128.5	NA	326.13	0
CB	06	03	1	3	163.5	NA	86.31	0
CB	06	03	2	4	155.2	14.365	288.05	0
CB	06	03	1	4	NA	NA	109.61	0
CB	06	03	1	4	197	NA	62.11	0
CB	06	03	2	3	160	NA	67.59	0
CB	06	03	2	3	174	NA	47.98	0
CB	06	03	2	3	167	NA	88.3	0
CB	06	03	1	2	150	NA	0	0
CB	06	03	1	2	157	NA	35.35	0
CB	06	03	1	2	NA	NA	30.07	0
CB	06	03	1	2	130.5	NA	54.09	0
CB	06	03	1	2	151	4.94	98.39	0
CB	06	03	1	2	NA	NA	16.52	0
CB	06	03	2	3	163	NA	26.06	0
CB	06	03	2	2	162	NA	0	0
CB	06	03	1	2	154	NA	2.199	0
CB	06	03	1	2	148	NA	1.29	0
CB	06	03	1	2	151.5	NA	178.02	0
CB	06	03	1	3	156	NA	0	0
CB	06	03	2	3	153.5	NA	47.84	0
CB	06	03	1	2	NA	NA	76.21	0
CB	06	03	1	2	137.5	NA	71.65	0
CB	06	03	2	4	171	8.175	82.56	1
CB	06	03	1	2	147	NA	134.05	0
CB	07	03	2	2	139.1	5.3	402.14	0
CB	07	03	2	2	137	7.58	NA	1
SAU	02	04	1	2	166	20.435	0	0
SAU	02	04	1	3	182	20.335	0	0
SAU	02	04	1	3	185.5	7.41	0	0
CRC	01	04	1	1	116.5	20.04	0	0
CRC	01	04	1	3	NA	35.79	2.405	0
CRC	01	04	2	2	NA	29.855	4.54	0
HB	02	04	2	4	147	42.6	0	NA
HB	02	04	1	3	142	15.11	0	NA
HB	02	04	2	4	174	16.34	3.33	NA
HB	02	04	1	3	162	11.82	1.15	NA
HB	02	04	1	4	172	10.92	0	NA
HB	02	04	2	4	153	44.745	0	NA
HB	02	04	2	3	NA	32.85	2	NA
MAN	01	05	1	NA	176	48.82	0	0
MAN	01	05	1	NA	182	43.78	0	0
MAN	01	05	1	NA	174	9.35	0	0
MAN	01	05	1	NA	190	35.625	0	NA
MAN	01	05	1	NA	168	8.455	NA	NA
MAN	01	05	1	NA	178	18.165	NA	0
MAN	01	05	1	NA	168	10.975	10	1
MAN	01	05	1	NA	180	NA	0	1
MAN	01	05	1	NA	178	43.81	0	NA
MAN	01	05	1	NA	173	39.475	NA	1
MAN	01	05	2	4	155.5	41.5	NA	1
MAN	01	05	2	4	164	56.47	NA	0
MAN	01	05	2	4	158	79.24	NA	0
MAN	01	05	2	4	158.5	81.37	NA	0
MAN	01	05	2	4	163.5	62.56	NA	0
MAN	01	05	2	4	160	110.96	NA	0
MAN	01	05	2	2	152	33.725	NA	1
MAN	01	05	2	2	148.5	109.3	NA	1
MAN	01	05	2	4	165	100.985	NA	1
MAN	01	05	2	4	159	77.165	0	0
BA	12	04	1	3	170.5	19.645	NA	0
BA	12	04	1	3	166.5	19.455	NA	1
BA	12	04	1	3	157.3	9.675	NA	0
BA	12	04	1	4	177	15.455	NA	0
BA	12	04	1	4	163	13.75	NA	0
BA	12	04	1	4	181.4	9.9	NA	1
BA	12	04	1	3	163.5	NA	NA	0
BA	12	04	2	1	125.3	294.32	NA	0
BA	12	04	2	2	150.4	21.49	NA	0
BA	12	04	2	4	164.8	23.845	NA	NA
BA	12	04	1	1	127.4	19.64	NA	0
BA	12	04	2	4	153.5	24.2	NA	0
BA	12	04	2	4	156.5	40.335	NA	1
BA	12	04	2	4	159	27.66	NA	0
BA	12	04	2	4	155	99.08	NA	0
BA	12	04	2	4	157	40.48	NA	0
BA	12	04	2	2	142	20	NA	0
BA	12	04	1	2	147	18.82	NA	0
BA	12	04	1	1	131	NA	NA	NA
BA	12	04	2	4	184	27.445	NA	0
NV	12	04	2	1	137.7	22.37	NA	0
NV	12	04	2	NA	158.2	22.91	NA	NA
NV	12	04	2	4	163.5	NA	NA	NA
NV	12	04	2	1	139	NA	NA	NA
NV	12	04	2	4	165.7	39.93	NA	NA
NV	12	04	2	4	167	NA	NA	NA
NV	12	04	2	NA	193.7	17.07	NA	0
NV	12	04	2	4	162.5	27.03	0	0
NV	12	04	2	1	137.8	NA	2.43	NA
NV	12	04	2	4	153.5	NA	NA	NA
NV	12	04	2	4	165	4.98	NA	0
NC	11	04	1	4	172	NA	NA	NA
NC	11	04	1	4	172	NA	NA	0
NC	11	04	1	3	177	18.75	0	1
NC	11	04	1	3	190.5	12.32	3.56	0
NC	11	04	1	3	168.2	16.39	0	0
NC	11	04	1	3	175	10.88	0	0
NC	11	04	1	4	172	17.845	32.53	0
NC	11	04	1	3	177	28.57	0	0
NC	11	04	1	4	185.5	14.03	NA	0
NC	11	04	1	4	174	30.17	0	1
NC	11	04	1	4	187.5	15.025	0	1
NC	11	04	1	3	170	17.39	10.17	0
NC	11	04	1	3	160	18.44	3.37	0
NC	11	04	1	3	171	27.67	1.23	0
NC	11	04	1	4	182	9.47	0	0
NC	11	04	1	4	168	8.69	0	0
NC	11	04	1	4	172	8.75	0	0
NC	11	04	1	3	173	14.01	1.24	NA
NC	11	04	1	4	163	12.5	7.25	0
NC	11	04	1	4	169.4	11.8	5.89	0
NC	11	04	1	4	178.6	10.65	8	0
NC	11	04	NA	4	NA	NA	7	1
HB	11	04	1	4	153	7.52	0	0
HB	11	04	1	4	170	13.2	0	0
HB	11	04	1	NA	165	8.08	0	1
HB	11	04	1	3	163	NA	0	0
HB	11	04	1	NA	159	11.94	0	0
HB	11	04	1	NA	163	10.48	0	0
HB	11	04	1	3	149.8	10	0	0
HB	11	04	1	3	159	7.535	0	0
HB	11	04	1	3	143	20.25	0	0
HB	11	04	1	3	145	10	0	0
HB	11	04	1	NA	152	NA	0	0
HB	11	04	1	3	NA	9.52	NA	0
HB	11	04	1	3	NA	8.13	NA	0
HB	11	04	1	3	NA	7.2	NA	0
HB	11	04	1	3	NA	7.85	NA	0
HB	11	04	1	3	160	19.23	NA	0
LCV	10	04	1	4	143.5	NA	NA	1
LCV	10	04	1	4	NA	NA	NA	NA
TN	01	05	1	4	173	NA	0	NA
TN	01	05	1	3	158	16.805	1.91	0
TN	01	05	2	4	167	NA	NA	NA
TN	01	05	2	4	167	42.605	NA	0
TN	01	05	2	2	149	51.62	0	0
TN	01	05	2	2	164	NA	NA	NA
TN	01	05	2	1	124	20.24	0	0
TN	01	05	2	4	144	NA	NA	NA
TN	01	05	1	1	125	8.88	0	0
TN	01	05	1	4	145	NA	0	NA
TN	01	05	2	4	165	19.2	1.76	0
TN	01	05	2	4	163	NA	4.62	NA
TN	01	05	1	NA	NA	NA	NA	NA
TN	01	05	2	1	135	13.39	0	0
TN	01	05	1	NA	176	NA	3.39	0
TN	01	05	2	4	161	23.835	5.96	1
TN	01	05	1	3	156	NA	NA	NA
VY	10	04	2	1	112.5	35.16	NA	0
VY	10	04	2	2	138.5	NA	NA	0
VY	10	04	2	4	168	35.045	NA	0
CRC	02	04	2	2	152.5	125.82	NA	0
CRC	03	04	2	4	NA	NA	NA	NA
CRC	03	04	2	4	NA	NA	NA	NA
CB	10	04	2	4	161	NA	9.49	0
CB	10	04	2	2	149	NA	18.51	0
QM	11	04	1	2	152	NA	NA	0
QM	02	05	1	4	160	NA	466.5	0
QM	02	05	2	4	157	NA	27.75	0
QM	02	05	2	4	153	NA	68.68	0
QM	02	05	2	4	160	NA	NA	0
QM	02	05	2	4	151	NA	NA	0
QM	02	05	1	3	157	NA	NA	0
QM	02	05	2	4	161	NA	NA	0
QM	02	05	1	2	138	NA	92.37	0
QM	02	05	1	4	144.5	NA	72.51	0
QM	02	05	2	3	154	NA	32.54	0
QM	02	05	2	4	157	NA	22.04	0
QM	02	05	1	4	179	NA	123.7	0
QM	02	05	2	4	162	NA	28.12	0
QM	02	05	2	4	152	NA	67.47	0
QM	02	05	1	4	160	NA	124.44	0
QM	02	05	2	4	162	NA	105.45	0
QM	02	05	2	3	154	NA	73.73	0
QM	02	05	2	3	NA	NA	NA	0
QM	02	05	2	4	159	NA	NA	0
QM	02	05	2	3	NA	NA	NA	0
HB	02	05	2	4	156	32.565	NA	0
HB	02	05	1	NA	NA	64.76	NA	0
HB	02	05	1	3	167.5	44.5	NA	NA
HB	02	05	1	4	180.5	42	NA	NA
HB	02	05	1	3	165.5	9.43	NA	0
HB	02	05	1	3	162.5	22.645	NA	0
HB	02	05	1	3	164.5	28.395	NA	0
HB	02	05	1	NA	160.3	30.765	NA	NA
HB	02	05	1	4	165	12.885	NA	NA
HB	02	05	1	3	160	23.875	NA	0
HB	02	05	1	2	144	30.48	NA	NA
HB	02	05	1	3	137	27.89	NA	0
CRC	12	04	2	4	NA	NA	NA	NA
CRC	12	04	1	2	NA	NA	NA	NA
CRC	12	04	2	4	NA	NA	NA	NA
CRC	12	04	2	4	NA	NA	NA	NA
CRC	12	04	2	4	NA	NA	NA	NA
CRC	12	04	1	2	NA	NA	NA	NA
CRC	12	04	2	4	NA	NA	NA	NA
CRC	12	04	2	2	NA	NA	NA	NA
CRC	12	04	2	2	NA	NA	NA	NA
CRC	12	04	2	4	NA	NA	NA	NA
MO	NA	00	2	3	162	83.965	NA	NA
MO	NA	NA	2	4	165	134.21	NA	NA
MO	NA	NA	1	2	163	103.875	NA	NA
MO	NA	NA	1	4	193	140.315	NA	NA
MO	NA	NA	1	2	162	107.69	NA	NA
MO	NA	NA	1	2	173	47.175	NA	NA
MO	NA	NA	1	2	162	54.465	NA	NA
MO	NA	NA	2	1	95	7.4	NA	NA
MO	NA	NA	1	2	178	40.795	NA	NA
MO	NA	NA	2	4	165	50.86	NA	NA
MO	NA	NA	1	4	188	173.805	NA	NA
MO	NA	NA	2	4	157	61.2	NA	NA
MO	NA	NA	1	3	173	81.8	NA	NA
MO	NA	NA	1	2	162	95	NA	NA
MO	NA	NA	1	2	172	98	NA	NA
MO	NA	NA	1	2	173	42.62	NA	NA
MO	NA	NA	2	3	151	62.21	NA	NA
MO	NA	NA	1	2	164	21.515	NA	NA
MO	NA	NA	2	4	166	31.73	NA	NA
MO	NA	NA	1	1	125	42.6	NA	NA
MO	NA	NA	1	1	126	9.465	NA	NA
MO	NA	NA	2	2	146	241	NA	NA
MO	NA	NA	2	4	165	73.105	NA	NA
MO	NA	NA	1	1	131	57.055	NA	NA
MO	NA	NA	1	4	191	106.4	NA	NA
MO	NA	NA	1	4	191	107.75	NA	NA
MO	NA	NA	1	4	202	66	NA	NA
MO	NA	NA	1	3	167	38.915	NA	NA
MO	NA	NA	1	2	172	26.3	NA	NA
MO	NA	NA	1	4	200	70.055	NA	NA
MO	NA	NA	2	4	175	103.9	NA	NA
MO	NA	NA	2	1	133	38.55	NA	NA
MO	NA	NA	1	3	183	35.7	NA	NA
MO	NA	NA	1	3	183	NA	NA	NA
MO	NA	NA	2	NA	161	NA	NA	NA
MO	NA	NA	2	1	126	16.6	NA	NA
MO	NA	NA	2	4	116	125	NA	NA
MO	NA	NA	1	4	185	36.85	NA	NA
MO	NA	NA	1	4	193	20.085	NA	NA
MO	NA	NA	1	2	164	11.825	NA	NA
MO	NA	NA	2	4	168	47.59	NA	NA
MO	NA	NA	1	1	138	20.75	NA	NA
MO	NA	NA	2	4	160	57.7	NA	NA
MO	NA	NA	1	4	183	13.72	NA	NA
MO	NA	NA	1	4	180	14.95	NA	NA
MO	NA	NA	1	NA	193	12.35	NA	NA
MO	NA	NA	1	2	171	39.05	NA	NA
MO	NA	NA	1	4	195	15.85	NA	NA
MO	NA	NA	1	4	187	15.65	NA	NA
MO	NA	NA	2	NA	174	97.2	NA	NA
MO	NA	NA	1	4	190	11.05	NA	NA
MO	NA	NA	1	4	184	17.2	NA	NA
MO	NA	NA	2	1	136	8.65	NA	NA
MO	NA	NA	2	4	160	39.8	NA	NA
MO	NA	NA	2	4	168	2.42	NA	NA
MO	NA	NA	2	4	173	50.4	NA	NA
MO	NA	NA	1	1	146	30.1	NA	NA
MO	NA	NA	1	3	173	NA	NA	NA
MO	NA	NA	1	4	187	NA	NA	NA
MO	NA	NA	1	4	193	NA	NA	NA
