Sample	GSI
1	10.4432
2	9.8331
3	9.7356
4	9.3107
5	8.9926
6	8.7707
7	8.2576
8	7.4045
9	7.2156
10	6.8372
11	6.3882
12	6.3672
13	6.2998
14	6.0726
15	5.8395
16	5.807
17	5.7774
18	5.7757
19	5.6484
20	5.6141
21	5.6017
22	5.551
23	5.311
24	5.297
25	5.2253
26	5.1667
27	5.1405
28	5.1292
29	5.0782
30	5.0612
31	5.0097
32	4.9745
33	4.9172
34	4.9041
35	4.9009
36	4.8783
37	4.7918
38	4.7862
39	4.7681
40	4.6603
41	4.6148
42	4.6108
43	4.5811
44	4.5528
45	4.4897
46	4.4573
47	4.3419
48	4.2968
49	4.2676
50	4.2048
51	4.1981
52	4.1006
53	4.0654
54	3.9219
55	3.9197
56	3.9141
57	3.5899
58	3.5008
59	3.2541
60	3.2487
61	3.2304
62	3.2263
63	3.1848
64	3.13
65	2.9683
66	2.9544
67	2.939
68	2.9327
69	2.8933
70	2.8593
71	2.8534
72	2.8188
73	2.8129
74	2.8037
75	2.7928
76	2.7601
77	2.6601
78	2.6492
79	2.6353
80	2.6341
81	2.6241
82	2.6151
83	2.6064
84	2.5951
85	2.5781
86	2.5674
87	2.5616
88	2.5545
89	2.5526
90	2.499
91	2.4789
92	2.4606
93	2.4559
94	2.4425
95	2.4356
96	2.4238
97	2.4145
98	2.4062
99	2.4038
100	2.402
101	2.4006
102	2.3993
103	2.3976
104	2.3923
105	2.3882
106	2.3848
107	2.3847
108	2.3746
109	2.3731
110	2.3723
111	2.3714
112	2.3496
113	2.3495
114	2.3282
115	2.3251
116	2.322
117	2.3018
118	2.3011
119	2.3
120	2.286
121	2.2739
122	2.2397
123	2.2392
124	2.2346
125	2.2333
126	2.2233
127	2.2004
128	2.187
129	2.1861
130	2.1664
131	2.1595
132	2.1571
133	2.1351
134	2.1322
135	2.0922
136	2.0816
137	2.0776
138	2.0694
139	2.0692
140	2.0688
141	2.058
142	2.0413
143	2.0259
144	2.0219
145	2.0017
146	1.9842
147	1.9821
148	1.9814
149	1.9621
150	1.9606
151	1.9531
152	1.9021
153	1.8667
154	1.8623
155	1.8468
156	1.8295
157	1.8123
158	1.7984
159	1.7695
160	1.7658
161	1.7217
162	1.7187
163	1.6963
164	1.6953
165	1.6927
166	1.6779
167	1.6679
168	1.6669
169	1.616
170	1.6157
171	1.6
172	1.5894
173	1.5658
174	1.5652
175	1.5375
176	1.5303
177	1.5284
178	1.528
179	1.5168
180	1.5011
181	1.49
182	1.4554
183	1.4546
184	1.451
185	1.4418
186	1.437
187	1.4348
188	1.4332
189	1.4224
190	1.3878
191	1.3794
192	1.3694
193	1.3402
194	1.3306
195	1.3258
196	1.309
197	1.2717
198	1.261
199	1.2585
200	1.2556
201	1.2392
202	1.2091
203	1.2007
204	1.1997
205	1.1983
206	1.181
207	1.1784
208	1.1496
209	1.147
210	1.1318
211	1.1313
212	1.1275
213	1.1014
214	1.0964
215	1.0565
216	1.042
217	1.0419
218	1.04
219	1.0375
220	1.0286
221	1.0226
222	1.0218
223	1.0215
224	1.001
225	0.9874
226	0.9872
227	0.9868
228	0.9824
229	0.968
230	0.9612
231	0.9479
232	0.9418
233	0.9369
234	0.9219
235	0.9172
236	0.9
237	0.8954
238	0.8877
239	0.8876
240	0.8761
241	0.8734
242	0.8567
243	0.8398
244	0.8373
245	0.8111
246	0.799
247	0.7363
248	0.7354
249	0.7294
250	0.7004
251	0.6882
252	0.6839
253	0.6767
254	0.6748
255	0.6716
256	0.66
257	0.6459
258	0.6379
259	0.6268
260	0.6255
261	0.6212
262	0.5876
263	0.5798
264	0.5758
265	0.5685
266	0.5602
267	0.556
268	0.5558
269	0.5556
270	0.5533
271	0.5518
272	0.5493
273	0.5463
274	0.5444
275	0.5318
276	0.5307
277	0.5175
278	0.4943
279	0.4921
280	0.4832
281	0.4808
282	0.4774
283	0.4756
284	0.4653
285	0.4506
286	0.4377
287	0.4259
288	0.4132
289	0.3976
290	0.3905
291	0.3904
292	0.3828
293	0.3763
294	0.3759
295	0.3659
296	0.3541
297	0.343
298	0.3421
299	0.3392
300	0.3392
301	0.3352
302	0.3289
303	0.3267
304	0.3122
305	0.3117
306	0.3041
307	0.3039
308	0.3028
309	0.2986
310	0.2895
311	0.2878
312	0.287
313	0.2828
314	0.2786
315	0.2783
316	0.2773
317	0.2758
318	0.2739
319	0.2738
320	0.2683
321	0.265
322	0.2642
323	0.2641
324	0.2638
325	0.2636
326	0.26
327	0.2577
328	0.2529
329	0.2506
330	0.2463
331	0.2388
332	0.2352
333	0.2321
334	0.2316
335	0.2294
336	0.226
337	0.2252
338	0.2242
339	0.2219
340	0.2214
341	0.2207
342	0.2204
343	0.22
344	0.2199
345	0.2191
346	0.2189
347	0.2178
348	0.217
349	0.216
350	0.2156
351	0.2144
352	0.2092
353	0.2065
354	0.2061
355	0.2056
356	0.2046
357	0.2034
358	0.2028
359	0.2024
360	0.1985
361	0.1979
362	0.1938
363	0.1935
364	0.1893
365	0.1892
366	0.1887
367	0.1875
368	0.1859
369	0.1847
370	0.1842
371	0.1827
372	0.1815
373	0.1792
374	0.1782
375	0.1775
376	0.175
377	0.1714
378	0.1681
379	0.1681
380	0.1664
381	0.1661
382	0.1657
383	0.1654
384	0.164
385	0.1621
386	0.162
387	0.1618
388	0.1611
389	0.1589
390	0.1569
391	0.1555
392	0.1549
393	0.1543
394	0.1541
395	0.1516
396	0.1504
397	0.1503
398	0.1497
399	0.1492
400	0.149
401	0.1473
402	0.1472
403	0.1466
404	0.1465
405	0.1436
406	0.1433
407	0.1415
408	0.1412
409	0.1405
410	0.1402
411	0.1401
412	0.14
413	0.1399
414	0.1398
415	0.1395
416	0.1392
417	0.139
418	0.1379
419	0.137
420	0.1352
421	0.1347
422	0.1346
423	0.1344
424	0.134
425	0.1337
426	0.1336
427	0.133
428	0.132
429	0.1319
430	0.1318
431	0.1316
432	0.1307
433	0.1298
434	0.127
435	0.1261
436	0.1261
437	0.1239
438	0.1218
439	0.1218
440	0.1212
441	0.1205
442	0.1201
443	0.1191
444	0.1186
445	0.1181
446	0.1177
447	0.1169
448	0.1162
449	0.1121
450	0.11
451	0.1079
452	0.1069
453	0.1069
454	0.1067
455	0.1066
456	0.1061
457	0.1048
458	0.1025
459	0.1014
460	0.1006
461	0.0987
462	0.0969
463	0.0966
464	0.0941
465	0.0934
466	0.0929
467	0.0928
468	0.0922
469	0.0921
470	0.0916
471	0.0907
472	0.0903
473	0.0899
474	0.0888
475	0.0882
476	0.0881
477	0.0877
478	0.0873
479	0.0866
480	0.0835
481	0.0827
482	0.0817
483	0.0817
484	0.0812
485	0.0812
486	0.0803
487	0.0799
488	0.079
489	0.0784
490	0.0775
491	0.0774
492	0.0765
493	0.0758
494	0.0738
495	0.0732
496	0.0725
497	0.0725
498	0.0723
499	0.0711
500	0.0706
501	0.0705
502	0.0703
503	0.0669
504	0.0667
505	0.0659
506	0.0647
507	0.0634
508	0.0631
509	0.0616
510	0.0613
511	0.0602
512	0.0594
513	0.0592
514	0.0583
515	0.0554
516	0.0553
517	0.0536
518	0.053
519	0.0526
520	0.0524
521	0.0503
522	0.05
523	0.05
524	0.0488
525	0.0478
526	0.0476
527	0.047
528	0.0456
529	0.0423
530	0.0419
531	0.0411
532	0.041
533	0.0408
534	0.0378
535	0.0375
536	0.0362
537	0.0334
538	0.0319
539	0.0276
540	0.0258
541	0.0239
542	0.0218
543	0.019
544	0.0167
545	0.0131
546	14.6
547	13.3074
548	11.225
549	11.1708
550	10.7293
551	10.6573
552	10.6325
553	10.59
554	10.4276
555	10.2038
556	10.1988
557	10.1976
558	10.1789
559	10.1307
560	10.1166
561	10.0938
562	10.0905
563	10.0262
564	9.972
565	9.93
566	9.9144
567	9.7788
568	9.7327
569	9.7176
570	9.7035
571	9.6587
572	9.4322
573	9.3054
574	9.2767
575	9.2433
576	9.1313
577	9.0969
578	9.0965
579	9.0909
580	9.0322
581	9.0079
582	8.9569
583	8.9543
584	8.9538
585	8.9294
586	8.9104
587	8.9062
588	8.8865
589	8.879
590	8.8491
591	8.8315
592	8.8053
593	8.8048
594	8.8013
595	8.7673
596	8.7549
597	8.7542
598	8.7367
599	8.7097
600	8.664
601	8.6215
602	8.6
603	8.5628
604	8.5152
605	8.5134
606	8.4985
607	8.4758
608	8.4266
609	8.4189
610	8.4173
611	8.3025
612	8.2971
613	8.2877
614	8.2424
615	8.2401
616	8.1204
617	8.0685
618	8.0288
619	8.0225
620	8.0076
621	7.945
622	7.9392
623	7.9077
624	7.9034
625	7.8582
626	7.8447
627	7.8097
628	7.7826
629	7.7584
630	7.7181
631	7.678
632	7.6166
633	7.604
634	7.5614
635	7.5339
636	7.5299
637	7.5255
638	7.5117
639	7.5004
640	7.4852
641	7.4599
642	7.4558
643	7.4291
644	7.4249
645	7.4224
646	7.4135
647	7.4016
648	7.3868
649	7.3199
650	7.2993
651	7.2794
652	7.2709
653	7.2448
654	7.1947
655	7.1582
656	7.1026
657	7.0812
658	7.0273
659	7.0265
660	7.0214
661	6.9979
662	6.9136
663	6.9135
664	6.911
665	6.9016
666	6.8942
667	6.8237
668	6.7927
669	6.7219
670	6.711
671	6.7063
672	6.6955
673	6.6588
674	6.6495
675	6.5806
676	6.5679
677	6.5431
678	6.4971
679	6.4719
680	6.4449
681	6.3901
682	6.383
683	6.3081
684	6.3078
685	6.2636
686	6.2545
687	6.2097
688	6.1898
689	6.1536
690	6.152
691	6.139
692	6.1292
693	6.1186
694	6.0948
695	6.0284
696	6.0248
697	6.0235
698	6.0143
699	6.0088
700	5.9291
701	5.9063
702	5.8643
703	5.8346
704	5.8089
705	5.7561
706	5.7408
707	5.7189
708	5.7174
709	5.6927
710	5.6646
711	5.6126
712	5.5757
713	5.5693
714	5.5599
715	5.5434
716	5.5
717	5.485
718	5.4841
719	5.4529
720	5.4476
721	5.4454
722	5.4329
723	5.4161
724	5.4065
725	5.3348
726	5.3312
727	5.3281
728	5.32
729	5.2834
730	5.282
731	5.2475
732	5.2422
733	5.189
734	5.1216
735	5.0929
736	5.0718
737	5.0496
738	5.0368
739	5.0271
740	4.9942
741	4.9345
742	4.9102
743	4.9
744	4.8643
745	4.8603
746	4.8378
747	4.7322
748	4.7244
749	4.7208
750	4.6941
751	4.6708
752	4.6544
753	4.5635
754	4.5419
755	4.437
756	4.4284
757	4.4048
758	4.3976
759	4.347
760	4.3077
761	4.2684
762	4.2373
763	4.2144
764	4.2037
765	4.1906
766	4.128
767	4.0954
768	4.0436
769	3.9318
770	3.8958
771	3.8598
772	3.8577
773	3.804
774	3.7853
775	3.7213
776	3.5885
777	3.5856
778	3.5826
779	3.5465
780	3.5327
781	3.4815
782	3.4803
783	3.4779
784	3.4387
785	3.3895
786	3.3839
787	3.3324
788	3.2799
789	3.2536
790	3.2492
791	3.2383
792	3.2333
793	3.2161
794	3.1991
795	3.1264
796	3.1242
797	3.1201
798	3.0638
799	3.0116
800	2.9792
801	2.9623
802	2.9531
803	2.9504
804	2.9428
805	2.8932
806	2.893
807	2.8892
808	2.865
809	2.8257
810	2.8067
811	2.7965
812	2.7759
813	2.7649
814	2.7588
815	2.7189
816	2.7134
817	2.7084
818	2.7035
819	2.7023
820	2.6864
821	2.6559
822	2.6494
823	2.6463
824	2.6269
825	2.6265
826	2.603
827	2.5842
828	2.569
829	2.568
830	2.555
831	2.5483
832	2.5396
833	2.521
834	2.502
835	2.496
836	2.4848
837	2.4796
838	2.4732
839	2.4703
840	2.4701
841	2.436
842	2.4307
843	2.4254
844	2.4221
845	2.4193
846	2.4151
847	2.4094
848	2.409
849	2.4
850	2.4
851	2.3826
852	2.3697
853	2.3689
854	2.3632
855	2.3571
856	2.3504
857	2.3484
858	2.3468
859	2.3456
860	2.3423
861	2.3414
862	2.329
863	2.3209
864	2.3194
865	2.319
866	2.3173
867	2.3154
868	2.3117
869	2.2992
870	2.29
871	2.289
872	2.2888
873	2.2852
874	2.2779
875	2.272
876	2.2706
877	2.2665
878	2.255
879	2.252
880	2.251
881	2.2506
882	2.2494
883	2.2451
884	2.2393
885	2.2375
886	2.2339
887	2.2302
888	2.2302
889	2.2294
890	2.2184
891	2.2135
892	2.2048
893	2.1835
894	2.1727
895	2.1721
896	2.1643
897	2.1564
898	2.1554
899	2.1478
900	2.1454
901	2.1439
902	2.1304
903	2.1282
904	2.1271
905	2.1256
906	2.1238
907	2.1196
908	2.1129
909	2.1115
910	2.1114
911	2.1047
912	2.1038
913	2.0966
914	2.0756
915	2.0749
916	2.0739
917	2.0737
918	2.0617
919	2.0602
920	2.0575
921	2.0431
922	2.0397
923	2.0371
924	2.0327
925	2.0273
926	2.0221
927	2.0191
928	2.0055
929	1.9916
930	1.9895
931	1.9881
932	1.9869
933	1.9832
934	1.9804
935	1.9753
936	1.9749
937	1.9736
938	1.9686
939	1.9477
940	1.9355
941	1.9303
942	1.9168
943	1.9115
944	1.9009
945	1.8922
946	1.8892
947	1.8816
948	1.8812
949	1.8762
950	1.8723
951	1.8715
952	1.8639
953	1.8637
954	1.858
955	1.8573
956	1.8508
957	1.8493
958	1.8493
959	1.849
960	1.8437
961	1.8413
962	1.841
963	1.8365
964	1.8358
965	1.8265
966	1.8201
967	1.8173
968	1.8169
969	1.8149
970	1.8121
971	1.8105
972	1.8052
973	1.8042
974	1.7939
975	1.7916
976	1.783
977	1.7814
978	1.7798
979	1.7679
980	1.7654
981	1.7638
982	1.7584
983	1.7573
984	1.7569
985	1.7565
986	1.7509
987	1.7441
988	1.7403
989	1.7374
990	1.7279
991	1.725
992	1.7231
993	1.7095
994	1.7088
995	1.6981
996	1.6972
997	1.6887
998	1.6842
999	1.6798
1000	1.6773
1001	1.6757
1002	1.6756
1003	1.6677
1004	1.6665
1005	1.6569
1006	1.647
1007	1.6434
1008	1.6369
1009	1.6362
1010	1.6339
1011	1.6271
1012	1.6181
1013	1.6029
1014	1.6019
1015	1.598
1016	1.5924
1017	1.5875
1018	1.5849
1019	1.5675
1020	1.5648
1021	1.5648
1022	1.5572
1023	1.5565
1024	1.556
1025	1.5558
1026	1.5537
1027	1.5511
1028	1.5495
1029	1.5489
1030	1.5076
1031	1.5064
1032	1.496
1033	1.4882
1034	1.4822
1035	1.4806
1036	1.4774
1037	1.4619
1038	1.4616
1039	1.4599
1040	1.4595
1041	1.4593
1042	1.4565
1043	1.4526
1044	1.4433
1045	1.4415
1046	1.4373
1047	1.436
1048	1.4353
1049	1.4274
1050	1.4265
1051	1.425
1052	1.4226
1053	1.4199
1054	1.4111
1055	1.4027
1056	1.378
1057	1.3639
1058	1.356
1059	1.354
1060	1.3431
1061	1.3344
1062	1.3344
1063	1.3301
1064	1.3296
1065	1.3225
1066	1.317
1067	1.3024
1068	1.2938
1069	1.2921
1070	1.2878
1071	1.2746
1072	1.274
1073	1.2738
1074	1.2643
1075	1.2627
1076	1.2578
1077	1.2577
1078	1.2571
1079	1.2553
1080	1.2548
1081	1.245
1082	1.2433
1083	1.2388
1084	1.2372
1085	1.2295
1086	1.2277
1087	1.2256
1088	1.2184
1089	1.216
1090	1.2039
1091	1.2014
1092	1.1938
1093	1.1826
1094	1.1799
1095	1.1797
1096	1.1776
1097	1.1711
1098	1.1705
1099	1.1677
1100	1.1673
1101	1.1665
1102	1.1631
1103	1.1624
1104	1.155
1105	1.1547
1106	1.1529
1107	1.1433
1108	1.1393
1109	1.1351
1110	1.1335
1111	1.1237
1112	1.1199
1113	1.1186
1114	1.1177
1115	1.1131
1116	1.1111
1117	1.1053
1118	1.1043
1119	1.103
1120	1.0943
1121	1.0943
1122	1.0929
1123	1.0818
1124	1.0801
1125	1.0789
1126	1.0759
1127	1.0759
1128	1.0696
1129	1.064
1130	1.0596
1131	1.0578
1132	1.0506
1133	1.0487
1134	1.0471
1135	1.0435
1136	1.0383
1137	1.0367
1138	1.0294
1139	1.0289
1140	1.0276
1141	1.0243
1142	1.0235
1143	1.0145
1144	1.013
1145	1.011
1146	1.0107
1147	1.0088
1148	0.9991
1149	0.9986
1150	0.9977
1151	0.992
1152	0.9918
1153	0.9915
1154	0.9908
1155	0.9846
1156	0.9758
1157	0.962
1158	0.9583
1159	0.9526
1160	0.9499
1161	0.9294
1162	0.9201
1163	0.9166
1164	0.9153
1165	0.8961
1166	0.8961
1167	0.8584
1168	0.841
1169	0.8253
1170	0.8204
1171	0.8064
1172	0.7983
1173	0.7933
1174	0.7722
1175	0.7632
1176	0.7569
1177	0.7479
1178	0.745
1179	0.7442
1180	0.7414
1181	0.7256
1182	0.7246
1183	0.7237
1184	0.706
1185	0.7031
1186	0.7012
1187	0.6856
1188	0.6775
1189	0.6741
1190	0.6481
1191	0.6469
1192	0.6398
1193	0.6319
1194	0.6051
1195	0.5946
1196	0.59
1197	0.5779
1198	0.5617
1199	0.5579
1200	0.5571
1201	0.5507
1202	0.5198
1203	0.4952
1204	0.4789
1205	0.4755
1206	0.4654
1207	0.4619
1208	0.4525
1209	0.4449
1210	0.444
1211	0.4333
1212	0.4325
1213	0.4323
1214	0.4299
1215	0.4282
1216	0.4234
1217	0.4078
1218	0.4056
1219	0.3999
1220	0.3977
1221	0.397
1222	0.3957
1223	0.3948
1224	0.3879
1225	0.3872
1226	0.3858
1227	0.3855
1228	0.3842
1229	0.3797
1230	0.3643
1231	0.3642
1232	0.3641
1233	0.3628
1234	0.3584
1235	0.3551
1236	0.3417
1237	0.3313
1238	0.3307
1239	0.3081
1240	0.3079
1241	0.3067
1242	0.3028
1243	0.296
1244	0.2952
1245	0.2948
1246	0.2937
1247	0.2883
1248	0.2853
1249	0.2812
1250	0.2807
1251	0.2788
1252	0.2775
1253	0.2771
1254	0.2691
1255	0.2678
1256	0.2566
1257	0.2561
1258	0.2557
1259	0.2491
1260	0.2484
1261	0.247
1262	0.2464
1263	0.2445
1264	0.2418
1265	0.2389
1266	0.237
1267	0.2333
1268	0.2327
1269	0.2319
1270	0.2306
1271	0.2304
1272	0.228
1273	0.2267
1274	0.2231
1275	0.2229
1276	0.222
1277	0.2209
1278	0.2163
1279	0.2156
1280	0.2154
1281	0.2153
1282	0.2151
1283	0.2139
1284	0.2124
1285	0.2121
1286	0.2089
1287	0.2088
1288	0.2059
1289	0.2041
1290	0.2033
1291	0.2018
1292	0.2002
1293	0.2
1294	0.1984
1295	0.1975
1296	0.1968
1297	0.1967
1298	0.1955
1299	0.1934
1300	0.1915
1301	0.1912
1302	0.1906
1303	0.1898
1304	0.1873
1305	0.187
1306	0.1869
1307	0.1865
1308	0.1853
1309	0.1848
1310	0.1841
1311	0.1813
1312	0.1811
1313	0.1809
1314	0.1805
1315	0.1796
1316	0.1782
1317	0.1775
1318	0.1755
1319	0.175
1320	0.1735
1321	0.1723
1322	0.172
1323	0.1717
1324	0.1708
1325	0.1695
1326	0.1682
1327	0.1679
1328	0.1658
1329	0.1639
1330	0.1633
1331	0.163
1332	0.1628
1333	0.1608
1334	0.1607
1335	0.1602
1336	0.1593
1337	0.1564
1338	0.1563
1339	0.1562
1340	0.1561
1341	0.155
1342	0.1522
1343	0.1511
1344	0.1495
1345	0.1495
1346	0.1489
1347	0.1489
1348	0.1481
1349	0.1439
1350	0.1406
1351	0.14
1352	0.1396
1353	0.1393
1354	0.1392
1355	0.1383
1356	0.1374
1357	0.1367
1358	0.1367
1359	0.1365
1360	0.1359
1361	0.1356
1362	0.1351
1363	0.1349
1364	0.1341
1365	0.129
1366	0.1282
1367	0.1274
1368	0.1258
1369	0.1255
1370	0.1251
1371	0.1244
1372	0.124
1373	0.123
1374	0.12
1375	0.12
1376	0.1197
1377	0.119
1378	0.1179
1379	0.1178
1380	0.1176
1381	0.1145
1382	0.114
1383	0.1138
1384	0.1137
1385	0.1135
1386	0.1121
1387	0.1107
1388	0.1106
1389	0.1097
1390	0.108
1391	0.1076
1392	0.1075
1393	0.1073
1394	0.1061
1395	0.1056
1396	0.1049
1397	0.1038
1398	0.1036
1399	0.1034
1400	0.1032
1401	0.1028
1402	0.1025
1403	0.1024
1404	0.1015
1405	0.1015
1406	0.1011
1407	0.1009
1408	0.1009
1409	0.1006
1410	0.1
1411	0.0998
1412	0.0996
1413	0.0987
1414	0.097
1415	0.0969
1416	0.0966
1417	0.0962
1418	0.0952
1419	0.095
1420	0.0948
1421	0.0945
1422	0.0943
1423	0.0938
1424	0.0934
1425	0.0932
1426	0.0927
1427	0.0914
1428	0.0897
1429	0.0893
1430	0.089
1431	0.089
1432	0.0884
1433	0.0881
1434	0.088
1435	0.0879
1436	0.0874
1437	0.0859
1438	0.0855
1439	0.0833
1440	0.0812
1441	0.081
1442	0.0807
1443	0.0807
1444	0.0806
1445	0.0804
1446	0.0802
1447	0.0794
1448	0.0789
1449	0.0777
1450	0.0759
1451	0.073
1452	0.0711
1453	0.0707
1454	0.0704
1455	0.0693
1456	0.0688
1457	0.068
1458	0.0665
1459	0.0649
1460	0.0647
1461	0.0639
1462	0.0613
1463	0.0608
1464	0.0607
1465	0.0602
1466	0.0597
1467	0.0592
1468	0.0591
1469	0.0585
1470	0.0583
1471	0.0572
1472	0.0571
1473	0.0563
1474	0.0556
1475	0.0546
1476	0.0543
1477	0.054
1478	0.0519
1479	0.0511
1480	0.05
1481	0.0497
1482	0.0462
1483	0.0458
1484	0.0457
1485	0.0456
1486	0.0451
1487	0.0427
1488	0.0423
1489	0.0422
1490	0.0422
1491	0.0409
1492	0.0395
1493	0.0394
1494	0.0381
1495	0.0372
1496	0.0364
1497	0.0356
1498	0.0333
1499	0.0327
1500	0.0321
1501	0.0314
1502	0.0311
1503	0.0309
1504	0.0297
1505	0.0279
1506	0.0275
1507	0.0273
1508	0.0271
1509	0.0233
1510	0.023
1511	0.0224
1512	0.0222
1513	0.0208
1514	0.0198
1515	0.0188
1516	0.0184
1517	0.0157
1518	0.0156
1519	0.0072
1520	11.8655
1521	10.8036
1522	10.5197
1523	10.4744
1524	10.4206
1525	10.4004
1526	9.9147
1527	9.8713
1528	9.7152
1529	9.6634
1530	9.6302
1531	9.5052
1532	9.3829
1533	9.3296
1534	9.1063
1535	9.094
1536	9.0897
1537	8.9651
1538	8.8874
1539	8.8838
1540	8.876
1541	8.6989
1542	8.4791
1543	8.4008
1544	8.3443
1545	8.228
1546	8.2263
1547	8.2116
1548	8.1521
1549	8.1336
1550	8.1332
1551	8.1253
1552	8.1211
1553	8.0786
1554	8.0647
1555	8.05
1556	8
1557	7.9831
1558	7.9423
1559	7.9089
1560	7.8565
1561	7.8438
1562	7.8081
1563	7.8
1564	7.7358
1565	7.6918
1566	7.5493
1567	7.546
1568	7.5455
1569	7.4851
1570	7.4522
1571	7.3434
1572	7.3403
1573	7.2958
1574	7.2773
1575	7.2457
1576	7.2422
1577	7.2237
1578	7.2215
1579	7.1731
1580	7.1203
1581	7.095
1582	7.0947
1583	7.0799
1584	7.0774
1585	7.0615
1586	7.0392
1587	7.0273
1588	6.9819
1589	6.9603
1590	6.9479
1591	6.9463
1592	6.918
1593	6.8828
1594	6.8655
1595	6.8544
1596	6.8158
1597	6.7784
1598	6.7357
1599	6.7341
1600	6.7191
1601	6.6869
1602	6.5709
1603	6.5419
1604	6.539
1605	6.5106
1606	6.4774
1607	6.394
1608	6.392
1609	6.3918
1610	6.3739
1611	6.3689
1612	6.3676
1613	6.3447
1614	6.3442
1615	6.2993
1616	6.2773
1617	6.2704
1618	6.2134
1619	6.1789
1620	6.1468
1621	6.1447
1622	6.1386
1623	6.1132
1624	6.1054
1625	6.1018
1626	6.0511
1627	5.9891
1628	5.9416
1629	5.8789
1630	5.8357
1631	5.7744
1632	5.7587
1633	5.7534
1634	5.7512
1635	5.7448
1636	5.7398
1637	5.6928
1638	5.6359
1639	5.5966
1640	5.5824
1641	5.5703
1642	5.5372
1643	5.5022
1644	5.4522
1645	5.4505
1646	5.4503
1647	5.3984
1648	5.3175
1649	5.313
1650	5.3015
1651	5.2373
1652	5.2154
1653	5.2051
1654	5.1983
1655	5.1816
1656	5.1564
1657	5.1333
1658	5.1332
1659	5.1328
1660	5.1312
1661	5.0926
1662	5.0863
1663	5.0859
1664	5.0765
1665	5.072
1666	4.9456
1667	4.8069
1668	4.685
1669	4.6326
1670	4.5526
1671	4.5461
1672	4.5132
1673	4.4491
1674	4.4402
1675	4.4245
1676	4.3298
1677	4.2245
1678	4.1375
1679	4.0077
1680	3.9544
1681	3.8993
1682	3.8921
1683	3.8539
1684	3.7866
1685	3.6782
1686	3.5841
1687	3.5432
1688	3.5407
1689	3.5377
1690	3.493
1691	3.3677
1692	3.3474
1693	3.3018
1694	3.2127
1695	3.2008
1696	3.1724
1697	3.1514
1698	3.1343
1699	3.1056
1700	3.0962
1701	3.0758
1702	3.0692
1703	3.0577
1704	3.0409
1705	2.9466
1706	2.9211
1707	2.9071
1708	2.9065
1709	2.902
1710	2.8965
1711	2.8672
1712	2.8437
1713	2.8344
1714	2.828
1715	2.8229
1716	2.7935
1717	2.787
1718	2.7839
1719	2.7711
1720	2.7686
1721	2.7548
1722	2.7387
1723	2.7273
1724	2.7251
1725	2.7076
1726	2.7019
1727	2.6984
1728	2.6953
1729	2.6621
1730	2.6569
1731	2.6483
1732	2.6345
1733	2.6009
1734	2.5895
1735	2.5777
1736	2.5763
1737	2.5321
1738	2.4984
1739	2.4976
1740	2.4955
1741	2.4953
1742	2.4917
1743	2.4906
1744	2.478
1745	2.4763
1746	2.4601
1747	2.4528
1748	2.4522
1749	2.4475
1750	2.4073
1751	2.3984
1752	2.3846
1753	2.3827
1754	2.3782
1755	2.3742
1756	2.3645
1757	2.3625
1758	2.3624
1759	2.3578
1760	2.3447
1761	2.3242
1762	2.3231
1763	2.3218
1764	2.311
1765	2.3086
1766	2.3085
1767	2.3047
1768	2.2917
1769	2.2888
1770	2.2794
1771	2.2751
1772	2.2742
1773	2.2736
1774	2.2594
1775	2.2491
1776	2.238
1777	2.2111
1778	2.1912
1779	2.1726
1780	2.169
1781	2.1686
1782	2.1526
1783	2.1248
1784	2.1041
1785	2.0947
1786	2.0845
1787	2.0833
1788	2.08
1789	2.0667
1790	2.0643
1791	2.0612
1792	2.0554
1793	2.0485
1794	2.0401
1795	2.0306
1796	2.0305
1797	2.0082
1798	1.9926
1799	1.9837
1800	1.9816
1801	1.9756
1802	1.9244
1803	1.916
1804	1.9103
1805	1.9085
1806	1.9068
1807	1.9018
1808	1.9007
1809	1.8888
1810	1.8596
1811	1.8502
1812	1.8322
1813	1.8243
1814	1.8182
1815	1.8095
1816	1.8072
1817	1.8044
1818	1.7994
1819	1.7952
1820	1.7925
1821	1.7857
1822	1.7585
1823	1.7311
1824	1.7278
1825	1.7191
1826	1.7188
1827	1.6979
1828	1.6951
1829	1.6734
1830	1.6631
1831	1.6514
1832	1.645
1833	1.6377
1834	1.6106
1835	1.5946
1836	1.5662
1837	1.5612
1838	1.5555
1839	1.545
1840	1.5424
1841	1.5331
1842	1.5242
1843	1.519
1844	1.5174
1845	1.506
1846	1.5055
1847	1.5054
1848	1.4969
1849	1.476
1850	1.4748
1851	1.473
1852	1.4721
1853	1.4637
1854	1.4465
1855	1.4455
1856	1.4385
1857	1.4383
1858	1.4375
1859	1.4367
1860	1.4204
1861	1.4124
1862	1.4107
1863	1.407
1864	1.3994
1865	1.3938
1866	1.3854
1867	1.3794
1868	1.3684
1869	1.3625
1870	1.357
1871	1.3457
1872	1.3228
1873	1.3191
1874	1.3018
1875	1.2726
1876	1.2695
1877	1.2689
1878	1.2687
1879	1.2545
1880	1.2413
1881	1.2359
1882	1.2348
1883	1.2204
1884	1.1933
1885	1.1883
1886	1.1803
1887	1.1557
1888	1.1346
1889	1.1332
1890	1.125
1891	1.1124
1892	1.1097
1893	1.1
1894	1.0995
1895	1.0958
1896	1.091
1897	1.0879
1898	1.0764
1899	1.0538
1900	1.0433
1901	1.0409
1902	1.0259
1903	1.0227
1904	1.0056
1905	1.0048
1906	1.0021
1907	1
1908	0.9969
1909	0.9886
1910	0.9792
1911	0.9758
1912	0.9745
1913	0.9741
1914	0.9547
1915	0.9387
1916	0.9356
1917	0.9287
1918	0.9274
1919	0.9184
1920	0.8994
1921	0.8971
1922	0.8768
1923	0.8571
1924	0.8553
1925	0.8534
1926	0.8441
1927	0.842
1928	0.8369
1929	0.8263
1930	0.8244
1931	0.8195
1932	0.8095
1933	0.7965
1934	0.7955
1935	0.7752
1936	0.7643
1937	0.7608
1938	0.751
1939	0.7396
1940	0.7181
1941	0.7136
1942	0.7125
1943	0.7083
1944	0.7047
1945	0.6364
1946	0.6008
1947	0.5955
1948	0.5761
1949	0.5633
1950	0.5555
1951	0.554
1952	0.5498
1953	0.5483
1954	0.5351
1955	0.5132
1956	0.5061
1957	0.502
1958	0.4844
1959	0.4828
1960	0.4794
1961	0.4717
1962	0.4716
1963	0.4685
1964	0.4684
1965	0.4664
1966	0.4567
1967	0.4537
1968	0.4526
1969	0.452
1970	0.45
1971	0.4492
1972	0.4464
1973	0.4446
1974	0.4367
1975	0.4354
1976	0.4353
1977	0.435
1978	0.4311
1979	0.4301
1980	0.4154
1981	0.4107
1982	0.4027
1983	0.3939
1984	0.385
1985	0.3781
1986	0.3748
1987	0.3722
1988	0.3691
1989	0.3603
1990	0.3601
1991	0.36
1992	0.357
1993	0.349
1994	0.3437
1995	0.3315
1996	0.3302
1997	0.3292
1998	0.3276
1999	0.3273
2000	0.3272
2001	0.3263
2002	0.3262
2003	0.3228
2004	0.3173
2005	0.3159
2006	0.315
2007	0.3135
2008	0.313
2009	0.3097
2010	0.3086
2011	0.3078
2012	0.3071
2013	0.3046
2014	0.3015
2015	0.2978
2016	0.2967
2017	0.2954
2018	0.291
2019	0.2885
2020	0.2865
2021	0.2827
2022	0.2821
2023	0.2814
2024	0.2777
2025	0.2768
2026	0.2747
2027	0.2727
2028	0.272
2029	0.2691
2030	0.2668
2031	0.2654
2032	0.2645
2033	0.2644
2034	0.2632
2035	0.2617
2036	0.2615
2037	0.2596
2038	0.2589
2039	0.2587
2040	0.2577
2041	0.2571
2042	0.2543
2043	0.2529
2044	0.2465
2045	0.2419
2046	0.2405
2047	0.238
2048	0.2361
2049	0.2354
2050	0.2352
2051	0.235
2052	0.2344
2053	0.2344
2054	0.2321
2055	0.2313
2056	0.2304
2057	0.2303
2058	0.2274
2059	0.2263
2060	0.2253
2061	0.2246
2062	0.2238
2063	0.2223
2064	0.2217
2065	0.2209
2066	0.2193
2067	0.2189
2068	0.2148
2069	0.2141
2070	0.2112
2071	0.2097
2072	0.2095
2073	0.2076
2074	0.2067
2075	0.2061
2076	0.2054
2077	0.2044
2078	0.2038
2079	0.2031
2080	0.2029
2081	0.2029
2082	0.2013
2083	0.2012
2084	0.1986
2085	0.1985
2086	0.198
2087	0.1973
2088	0.1971
2089	0.1963
2090	0.1955
2091	0.194
2092	0.1933
2093	0.1898
2094	0.1869
2095	0.1858
2096	0.1854
2097	0.1828
2098	0.182
2099	0.1798
2100	0.179
2101	0.1786
2102	0.1735
2103	0.1711
2104	0.1711
2105	0.1698
2106	0.1693
2107	0.1669
2108	0.1663
2109	0.1622
2110	0.1621
2111	0.1608
2112	0.1608
2113	0.1605
2114	0.1604
2115	0.1602
2116	0.1601
2117	0.1601
2118	0.1599
2119	0.1594
2120	0.1586
2121	0.1584
2122	0.1584
2123	0.1583
2124	0.158
2125	0.1575
2126	0.1572
2127	0.1567
2128	0.1565
2129	0.1563
2130	0.1554
2131	0.155
2132	0.1545
2133	0.1543
2134	0.154
2135	0.1536
2136	0.1535
2137	0.1531
2138	0.1528
2139	0.1527
2140	0.1519
2141	0.1509
2142	0.1508
2143	0.15
2144	0.15
2145	0.1491
2146	0.1462
2147	0.1456
2148	0.1436
2149	0.1415
2150	0.1413
2151	0.1411
2152	0.1408
2153	0.1405
2154	0.14
2155	0.1399
2156	0.1387
2157	0.1383
2158	0.1374
2159	0.1369
2160	0.136
2161	0.1351
2162	0.1329
2163	0.1328
2164	0.1323
2165	0.1322
2166	0.1321
2167	0.132
2168	0.1319
2169	0.1303
2170	0.1301
2171	0.1296
2172	0.1293
2173	0.1287
2174	0.1286
2175	0.1282
2176	0.1274
2177	0.1272
2178	0.1265
2179	0.1261
2180	0.126
2181	0.1246
2182	0.1246
2183	0.1236
2184	0.1231
2185	0.122
2186	0.1211
2187	0.1211
2188	0.1211
2189	0.1206
2190	0.1202
2191	0.1202
2192	0.1189
2193	0.1162
2194	0.1156
2195	0.1147
2196	0.1137
2197	0.1135
2198	0.1132
2199	0.1131
2200	0.1126
2201	0.1124
2202	0.1116
2203	0.1073
2204	0.1066
2205	0.1051
2206	0.1051
2207	0.1045
2208	0.1041
2209	0.1031
2210	0.1021
2211	0.1004
2212	0.1
2213	0.0991
2214	0.099
2215	0.0984
2216	0.0984
2217	0.0976
2218	0.0954
2219	0.0934
2220	0.0932
2221	0.091
2222	0.0907
2223	0.089
2224	0.0885
2225	0.0877
2226	0.0875
2227	0.0866
2228	0.0854
2229	0.0847
2230	0.0844
2231	0.0831
2232	0.0812
2233	0.0798
2234	0.0797
2235	0.0761
2236	0.073
2237	0.0714
2238	0.0706
2239	0.0686
2240	0.0679
2241	0.0671
2242	0.0665
2243	0.0644
2244	0.0643
2245	0.0643
2246	0.0639
2247	0.0638
2248	0.0637
2249	0.0633
2250	0.0618
2251	0.0593
2252	0.0568
2253	0.0564
2254	0.0558
2255	0.0549
2256	0.0533
2257	0.0519
2258	0.0506
2259	0.0502
2260	0.0479
2261	0.0457
2262	0.0449
2263	0.0441
2264	0.0435
2265	0.0433
2266	0.0411
2267	0.0407
2268	0.0403
2269	0.0399
2270	0.0394
2271	0.0387
2272	0.0366
2273	0.035
2274	0.0349
2275	0.034
2276	0.0275
2277	0.0246
2278	0.0243
2279	0.024
2280	0.0237
2281	0.0207
2282	0.0124
2283	0.0064
2284	10.6168
2285	10.4052
2286	10.279
2287	10.0054
2288	9.9784
2289	9.7664
2290	9.745
2291	9.6262
2292	9.5746
2293	9.5509
2294	9.4658
2295	9.3888
2296	9.247
2297	9.1072
2298	9.0272
2299	9.0189
2300	8.9694
2301	8.9471
2302	8.7816
2303	8.718
2304	8.6294
2305	8.5398
2306	8.33
2307	8.2559
2308	8.12
2309	8.0801
2310	7.9514
2311	7.9126
2312	7.8473
2313	7.8125
2314	7.694
2315	7.6533
2316	7.4819
2317	7.4559
2318	7.3815
2319	7.2984
2320	7.2771
2321	7.2762
2322	7.2079
2323	7.2065
2324	7.088
2325	7.0761
2326	7.0594
2327	7.0341
2328	7.0037
2329	6.9806
2330	6.9764
2331	6.9489
2332	6.8732
2333	6.7772
2334	6.7329
2335	6.7143
2336	6.6702
2337	6.5903
2338	6.5275
2339	6.5074
2340	6.4624
2341	6.4304
2342	6.3833
2343	6.2984
2344	6.2169
2345	6.2105
2346	6.162
2347	6.1186
2348	6.0811
2349	6.025
2350	5.9961
2351	5.8421
2352	5.8405
2353	5.8356
2354	5.7889
2355	5.7557
2356	5.7426
2357	5.7004
2358	5.6662
2359	5.6539
2360	5.6233
2361	5.6163
2362	5.6025
2363	5.5047
2364	5.4743
2365	5.4055
2366	5.3754
2367	5.3256
2368	5.2587
2369	5.1891
2370	5.1679
2371	5.1657
2372	5.138
2373	5.0541
2374	5.0117
2375	4.9892
2376	4.9498
2377	4.8305
2378	4.7949
2379	4.7813
2380	4.5348
2381	4.193
2382	4.0386
2383	4.0062
2384	3.9413
2385	3.9391
2386	3.9367
2387	3.833
2388	3.5933
2389	3.5575
2390	3.4574
2391	3.3422
2392	3.2836
2393	3.215
2394	3.1444
2395	3.107
2396	3.0629
2397	3.0269
2398	3.0089
2399	2.9877
2400	2.8942
2401	2.8734
2402	2.8268
2403	2.811
2404	2.8079
2405	2.7886
2406	2.7764
2407	2.7625
2408	2.7169
2409	2.6957
2410	2.6439
2411	2.626
2412	2.6213
2413	2.5917
2414	2.5463
2415	2.5134
2416	2.4386
2417	2.4196
2418	2.4094
2419	2.3914
2420	2.3901
2421	2.3556
2422	2.3337
2423	2.3228
2424	2.2995
2425	2.2863
2426	2.2853
2427	2.2784
2428	2.2658
2429	2.261
2430	2.1705
2431	2.1028
2432	2.101
2433	2.065
2434	2.0529
2435	2.0231
2436	2.0204
2437	2.006
2438	2.0027
2439	1.9752
2440	1.9737
2441	1.9651
2442	1.9554
2443	1.9293
2444	1.9247
2445	1.923
2446	1.8931
2447	1.8856
2448	1.8512
2449	1.843
2450	1.8067
2451	1.7896
2452	1.7842
2453	1.7537
2454	1.746
2455	1.7194
2456	1.7106
2457	1.7005
2458	1.6958
2459	1.6549
2460	1.5621
2461	1.505
2462	1.5029
2463	1.4699
2464	1.4481
2465	1.4393
2466	1.4144
2467	1.4098
2468	1.3951
2469	1.3893
2470	1.3299
2471	1.3233
2472	1.3083
2473	1.2351
2474	1.2333
2475	1.2084
2476	1.1803
2477	1.1533
2478	1.1449
2479	1.1131
2480	1.0771
2481	1.0638
2482	1.0622
2483	1.0102
2484	0.9857
2485	0.9749
2486	0.9003
2487	0.8995
2488	0.8811
2489	0.8726
2490	0.8301
2491	0.7531
2492	0.7475
2493	0.6579
2494	0.6552
2495	0.6546
2496	0.6435
2497	0.6407
2498	0.6085
2499	0.5587
2500	0.5538
2501	0.5
2502	0.4957
2503	0.4825
2504	0.4441
2505	0.4056
2506	0.4026
2507	0.3667
2508	0.362
2509	0.3259
2510	0.3168
2511	0.2969
2512	0.2847
2513	0.2788
2514	0.2481
2515	0.2391
2516	0.2364
2517	0.2263
2518	0.2222
2519	0.2127
2520	0.2103
2521	0.2082
2522	0.205
2523	0.1806
2524	0.177
2525	0.1706
2526	0.1697
2527	0.1614
2528	0.1551
2529	0.1516
2530	0.1468
2531	0.1456
2532	0.1439
2533	0.1432
2534	0.1432
2535	0.1424
2536	0.1419
2537	0.1406
2538	0.1406
2539	0.1402
2540	0.1396
2541	0.1394
2542	0.1366
2543	0.136
2544	0.1346
2545	0.1317
2546	0.1281
2547	0.128
2548	0.1264
2549	0.124
2550	0.1225
2551	0.122
2552	0.1206
2553	0.1181
2554	0.1173
2555	0.1103
2556	0.1087
2557	0.1082
2558	0.1078
2559	0.1061
2560	0.1057
2561	0.1039
2562	0.1026
2563	0.1003
2564	0.1
2565	0.0996
2566	0.0985
2567	0.0977
2568	0.0962
2569	0.0952
2570	0.0933
2571	0.0904
2572	0.0902
2573	0.0899
2574	0.0894
2575	0.0893
2576	0.0891
2577	0.0889
2578	0.0874
2579	0.0849
2580	0.0835
2581	0.0826
2582	0.0806
2583	0.0805
2584	0.0802
2585	0.0796
2586	0.0789
2587	0.0789
2588	0.0786
2589	0.0776
2590	0.0773
2591	0.0765
2592	0.076
2593	0.0757
2594	0.0755
2595	0.0741
2596	0.0741
2597	0.0733
2598	0.0731
2599	0.0728
2600	0.072
2601	0.071
2602	0.0693
2603	0.0686
2604	0.0678
2605	0.0676
2606	0.0658
2607	0.0657
2608	0.0654
2609	0.063
2610	0.0628
2611	0.0577
2612	0.0574
2613	0.0567
2614	0.054
2615	0.0538
2616	0.053
2617	0.0497
2618	0.0492
2619	0.0481
2620	0.0464
2621	0.0462
2622	0.0455
2623	0.0452
2624	0.0423
2625	0.0417
2626	0.0398
2627	0.0398
2628	0.0367
2629	0.0358
2630	0.0356
2631	0.0349
2632	0.0343
2633	0.0335
2634	0.0331
2635	0.0308
2636	0.0307
2637	0.0292
2638	0.0258
2639	0.0257
2640	0.02
2641	0.0191
2642	0.0165
2643	0.0132
2644	0.007
